Scottsboro,Alabama,34.6438,-86.0491,10006
Kutztown,Pennsylvania,40.5213,-75.7773,10011
Union City,Tennessee,36.4265,-89.0477,10013
Wabash,Indiana,40.8046,-85.831,10015
Waldwick,New Jersey,41.0132,-74.1262,10026
Vernon,Texas,34.148,-99.3,10051
Bluffton,Indiana,40.7426,-85.173,10052
Sparta,Wisconsin,43.9403,-90.8084,10086
Selma,Texas,29.5866,-98.3134,10088
Cuero,Texas,29.1006,-97.2865,10090
Waterloo,Illinois,38.3403,-90.1538,10090
Troy,Illinois,38.727,-89.8967,10093
Sweet Home,Oregon,44.4023,-122.7028,10098
Lowell,Indiana,41.2934,-87.4183,10102
Fife,Washington,47.2327,-122.3519,10103
Sweetwater,Texas,32.4693,-100.4092,10105
Clinton,Tennessee,36.0986,-84.1283,10106
Coffeyville,Kansas,37.052,-95.6177,10107
Bel Air,Maryland,39.5347,-76.346,10109
Watervliet,New York,42.7243,-73.7068,10120
Bolivar,Missouri,37.6057,-93.4174,10133
River Grove,Illinois,41.9243,-87.8379,10134
Georgetown,Delaware,38.6899,-75.3872,10136
Berwick,Pennsylvania,41.0555,-76.2492,10138
Elon,North Carolina,36.1009,-79.5083,10147
Shasta Lake,California,40.679,-122.3775,10162
Lancaster,New York,42.9007,-78.6701,10165
Grenada,Mississippi,33.7816,-89.813,10174
Pleasant Grove,Alabama,33.4936,-86.9782,10177
Capitola,California,36.9772,-121.9539,10180
Nanticoke,Pennsylvania,41.2004,-76.0003,10189
Greenville,Pennsylvania,41.4052,-80.3838,10194
Sleepy Hollow,New York,41.0936,-73.8724,10198
Havre,Montana,48.5417,-109.6782,10212
Great Neck,New York,40.8028,-73.7331,10218
Kinnelon,New Jersey,40.9847,-74.3863,10219
Lexington,Nebraska,40.778,-99.7462,10232
Anderson,California,40.4509,-122.2961,10232
Braselton,Georgia,34.1086,-83.8124,10234
Shawano,Wisconsin,44.7749,-88.5843,10242
Wood River,Illinois,38.8633,-90.0774,10251
Dayton,Tennessee,35.4917,-85.0116,10255
Norton,Virginia,36.9317,-82.626,10259
Avon Park,Florida,27.5934,-81.5086,10259
Roma-Los Saenz,Texas,26.4153,-99.006,10265
Roma,Texas,26.4153,-99.006,10265
Burkburnett,Texas,34.0748,-98.5671,10265
Laurens,South Carolina,34.5014,-82.0232,10269
Columbia,Illinois,38.4581,-90.2157,10273
Castle Pines,Colorado,39.4625,-104.8706,10284
Struthers,Ohio,41.051,-80.592,10293
Bellmead,Texas,31.6025,-97.0896,10306
Covington,Louisiana,30.4808,-90.1125,10310
Barrington,Illinois,42.1516,-88.128,10312
Moncks Corner,South Carolina,33.1716,-80.0121,10315
Ventnor City,New Jersey,39.3457,-74.486,10317
Reading,Ohio,39.2241,-84.4332,10317
Orange Cove,California,36.6211,-119.3188,10320
Melvindale,Michigan,42.2803,-83.1782,10322
Arden Hills,Minnesota,45.0722,-93.1671,10324
Denham Springs,Louisiana,30.4743,-90.9594,10335
Little Canada,Minnesota,45.0244,-93.0863,10344
West Haverstraw,New York,41.2063,-73.9884,10345
Cape Canaveral,Florida,28.3934,-80.605,10352
Columbia,Pennsylvania,40.0347,-76.4943,10359
New Albany,Ohio,40.0808,-82.7926,10360
Alpine,Utah,40.4621,-111.7728,10361
Fort Bragg,California,39.4416,-123.8033,10368
Canandaigua,New York,42.8885,-77.2805,10369
Cedar Hills,Utah,40.4135,-111.753,10374
Lawrenceburg,Tennessee,35.2497,-87.332,10398
Poulsbo,Washington,47.7417,-122.6408,10400
Fort Madison,Iowa,40.6198,-91.352,10401
Millsboro,Delaware,38.5865,-75.3018,10403
Vermilion,Ohio,41.4103,-82.3214,10409
Pearsall,Texas,28.8885,-99.0988,10410
Essex Junction,Vermont,44.4903,-73.114,10412
Malone,New York,44.849,-74.2889,10413
Wyomissing,Pennsylvania,40.3317,-75.9703,10420
Warr Acres,Oklahoma,35.5284,-97.6182,10420
Richmond Heights,Ohio,41.5589,-81.5029,10421
Silverton,Oregon,45.003,-122.7806,10426
Manville,New Jersey,40.5422,-74.5892,10430
Portage,Wisconsin,43.5489,-89.4657,10431
Sauk Village,Illinois,41.4907,-87.5702,10438
Lincoln Park,New Jersey,40.9239,-74.3035,10442
Kendallville,Indiana,41.4441,-85.2578,10444
Bound Brook,New Jersey,40.5676,-74.5385,10455
Vienna,West Virginia,39.3236,-81.5381,10459
Fox Lake,Illinois,42.426,-88.1847,10459
Magnolia,Arkansas,33.2777,-93.2261,10460
Cresson,Pennsylvania,40.4626,-78.5866,10467
Beverly Hills,Michigan,42.522,-83.2424,10470
Clearfield,Pennsylvania,41.0216,-78.439,10484
Camden,Arkansas,33.5672,-92.8466,10498
Doraville,Georgia,33.9072,-84.2711,10501
Brookhaven,Mississippi,31.5803,-90.4432,10504
Exeter,California,36.294,-119.1459,10506
Hillsdale,New Jersey,41.0074,-74.0441,10510
Farmington,Michigan,42.4614,-83.3784,10514
Roscoe,Illinois,42.4252,-89.0084,10521
Pine Hill,New Jersey,39.7879,-74.9858,10524
Forest Acres,South Carolina,34.0322,-80.9718,10542
Somers Point,New Jersey,39.3167,-74.6069,10545
Cleveland,Texas,30.3399,-95.0992,10546
West Point,Utah,41.1221,-112.0995,10548
Saint Albans,West Virginia,38.3769,-81.8198,10553
Ketchikan,Alaska,55.3567,-131.6712,10554
Bedford Heights,Ohio,41.4042,-81.5053,10555
Arkadelphia,Arkansas,34.1245,-93.0719,10568
Decatur,Indiana,40.8301,-84.9281,10572
Florence,Oregon,43.9916,-124.1065,10579
Montgomery,Ohio,39.2494,-84.3457,10582
California City,California,35.1578,-117.872,10589
Norwalk,Iowa,41.4914,-93.6922,10590
North Logan,Utah,41.7759,-111.8066,10590
Lansdowne,Pennsylvania,39.9408,-75.276,10606
Hornell,New York,42.3258,-77.6605,10612
Summerville,Georgia,34.4788,-85.3491,10616
Lyons,Illinois,41.8121,-87.8192,10621
Heath,Ohio,40.0241,-82.4412,10625
Wapakoneta,Ohio,40.5676,-84.1917,10628
Van Wert,Ohio,40.8653,-84.5873,10630
Pacific,Missouri,38.4807,-90.7536,10633
Whitehall,Michigan,43.4004,-86.3406,10635
Big Lake,Minnesota,45.3418,-93.7435,10638
Fredonia,New York,42.4407,-79.3319,10639
Weddington,North Carolina,35.0228,-80.7383,10642
Morro Bay,California,35.3681,-120.8481,10648
Smithfield,Virginia,36.9753,-76.6162,10652
Darby,Pennsylvania,39.921,-75.2611,10654
Paris,Tennessee,36.2936,-88.3066,10679
Worth,Illinois,41.6877,-87.7916,10681
Three Rivers,Michigan,41.9466,-85.6279,10684
Jacinto City,Texas,29.7663,-95.2411,10696
Martin,Tennessee,36.3391,-88.8518,10697
Bellefontaine Neighbors,Missouri,38.7529,-90.2278,10702
Ludington,Michigan,43.9567,-86.4431,10702
Fate,Texas,32.9401,-96.3864,10703
Petal,Mississippi,31.3477,-89.2359,10704
Edgewood,Washington,47.2309,-122.2832,10734
Farmersville,California,36.3054,-119.2082,10735
Toccoa,Georgia,34.5807,-83.3256,10744
Miami Shores,Florida,25.867,-80.178,10762
Vermillion,South Dakota,42.7825,-96.9243,10763
Sussex,Wisconsin,43.1338,-88.2233,10765
Massena,New York,44.9292,-74.8923,10776
Monroe,Wisconsin,42.601,-89.6437,10777
Burr Ridge,Illinois,41.7485,-87.9198,10780
Belmont,North Carolina,35.231,-81.0385,10784
Hailey,Idaho,43.5132,-114.301,10791
Muskegon Heights,Michigan,43.2024,-86.242,10795
Kings Mountain,North Carolina,35.236,-81.3498,10797
Woodland Park,Colorado,38.9988,-105.0595,10806
Fairfield,Alabama,33.4747,-86.9194,10807
Greencastle,Indiana,39.6431,-86.8419,10812
Atchison,Kansas,39.5629,-95.1368,10819
Brooklyn,Ohio,41.4349,-81.7498,10828
Satellite Beach,Florida,28.1782,-80.602,10832
Gonzales,Louisiana,30.213,-90.9234,10832
Show Low,Arizona,34.2677,-110.0387,10835
Franklin Lakes,New Jersey,41.0085,-74.2082,10852
Spencer,Iowa,43.1469,-95.1533,10859
Kennett,Missouri,36.2403,-90.0481,10863
Stayton,Oregon,44.803,-122.798,10877
Highland Park,Michigan,42.4052,-83.0976,10883
Crestwood,Illinois,41.6454,-87.7396,10891
Ironton,Ohio,38.5319,-82.6777,10891
Tremonton,Utah,41.7188,-112.189,10896
Totowa,New Jersey,40.9039,-74.2216,10904
Grand Haven,Michigan,43.0553,-86.22,10911
Winnemucca,Nevada,40.9646,-117.725,10919
Cusseta,Georgia,32.347,-84.787,10922
Point Pleasant,West Virginia,38.853,-82.1303,10925
Little Ferry,New Jersey,40.8463,-74.0386,10925
Rochelle,Illinois,41.9199,-89.0634,10930
Lewisburg,Tennessee,35.4494,-86.7889,10934
Lindon,Utah,40.3414,-111.7188,10939
Suffern,New York,41.1138,-74.1421,10948
Ogdensburg,New York,44.7088,-75.4717,10951
Vidor,Texas,30.1291,-93.9967,10958
Millington,Tennessee,35.3368,-89.8932,10974
Hudson,New York,42.2515,-73.7859,10982
Woodbury,New York,41.3284,-74.1004,10986
Alamosa,Colorado,37.4755,-105.877,11015
Summerfield,North Carolina,36.1972,-79.8999,11033
Rifle,Colorado,39.5361,-107.7719,11042
Sierra Madre,California,34.1687,-118.0504,11057
Galena Park,Texas,29.745,-95.2334,11067
Webster,Texas,29.5317,-95.1188,11075
Minneola,Florida,28.607,-81.7321,11078
Damascus,Oregon,45.4299,-122.4462,11084
River Forest,Illinois,41.895,-87.8194,11088
Dobbs Ferry,New York,41.0127,-73.8698,11093
Mount Kisco,New York,41.2018,-73.7282,11103
Town and Country,Missouri,38.6317,-90.4791,11113
Newman,California,37.3156,-121.0208,11122
Grosse Pointe Park,Michigan,42.3794,-82.9288,11126
Pompton Lakes,New Jersey,41.0028,-74.2857,11127
Clinton,South Carolina,34.478,-81.864,11127
Fairfield,Iowa,41.0071,-91.9673,11128
Elk City,Oklahoma,35.3849,-99.4333,11136
Canyon Lake,California,33.6884,-117.2621,11137
Walden,New York,41.5603,-74.1879,11138
Lighthouse Point,Florida,26.2785,-80.089,11143
Smithfield,Utah,41.8345,-111.8268,11146
Lake Grove,New York,40.8586,-73.1168,11162
Angola,Indiana,41.6431,-85.005,11169
Celina,Ohio,40.5551,-84.5629,11176
Munhall,Pennsylvania,40.3937,-79.9004,11177
Beachwood,New Jersey,39.9282,-74.2022,11196
Wahpeton,North Dakota,46.2719,-96.6118,11205
Springdale,Ohio,39.2909,-84.476,11205
Elkins,West Virginia,38.9237,-79.854,11206
Yorktown,Indiana,40.183,-85.5123,11210
Chino Valley,Arizona,34.7593,-112.4107,11214
Huntingdon,Pennsylvania,40.4999,-78.0097,11219
Lantana,Florida,26.5834,-80.0558,11221
Webb City,Missouri,37.1413,-94.4675,11226
Westwood,New Jersey,40.9878,-74.0307,11235
Camp Verde,Arizona,34.5699,-111.8573,11238
Brookings,Oregon,42.0691,-124.3004,11241
Haysville,Kansas,37.5651,-97.3528,11245
Merriam,Kansas,39.0186,-94.6934,11245
Little Chute,Wisconsin,44.2889,-88.3184,11250
Minooka,Illinois,41.4507,-88.2792,11254
Niles,Michigan,41.8347,-86.2472,11257
Two Rivers,Wisconsin,44.1565,-87.5824,11261
Maysville,Kentucky,38.6455,-83.7911,11269
Mendota Heights,Minnesota,44.8813,-93.1402,11280
Holly Springs,Georgia,34.1678,-84.4856,11281
Macclenny,Florida,30.2818,-82.1246,11307
Jefferson Hills,Pennsylvania,40.2927,-79.9329,11307
Campton Hills,Illinois,41.95,-88.4166,11310
Leon Valley,Texas,29.4954,-98.6141,11314
Summit,Illinois,41.7877,-87.8146,11314
Jerome,Idaho,42.7185,-114.5156,11319
Scottsburg,Indiana,38.6862,-85.7839,11326
Mayfield,Kentucky,36.7359,-88.6452,11328
Urbana,Ohio,40.1088,-83.7541,11334
Gloucester City,New Jersey,39.8923,-75.1173,11339
Ocean City,New Jersey,39.2687,-74.602,11340
Woods Cross,Utah,40.8731,-111.917,11351
Piedmont,California,37.8226,-122.2301,11353
Princess Anne,Maryland,38.2053,-75.6969,11353
Ridgefield,New Jersey,40.8312,-74.0146,11357
Plano,Illinois,41.6758,-88.5295,11358
Waupun,Wisconsin,43.6314,-88.7379,11366
Lower Burrell,Pennsylvania,40.5818,-79.7141,11367
Fenton,Michigan,42.7993,-83.7144,11367
Smyrna,Delaware,39.2922,-75.6079,11371
Excelsior Springs,Missouri,39.3395,-94.2377,11374
Spirit Lake,Iowa,43.4177,-95.1109,11375
Mount Sterling,Kentucky,38.0647,-83.9473,11380
White House,Tennessee,36.4646,-86.6663,11388
Emmaus,Pennsylvania,40.5352,-75.4978,11394
Fulton,New York,43.3168,-76.4161,11402
Orange City,Florida,28.9345,-81.2886,11403
Folkston,Georgia,30.8392,-82.0072,11407
Lyndon,Kentucky,38.2644,-85.5891,11407
Newport,Tennessee,35.9614,-83.1977,11415
Highland,Illinois,38.7606,-89.681,11421
Haddonfield,New Jersey,39.8953,-75.0344,11424
Hibbing,Minnesota,47.3981,-92.9487,11426
Hillsborough,California,37.5573,-122.3587,11431
Collegedale,Tennessee,35.0522,-85.0488,11437
Sandy,Oregon,45.3986,-122.269,11445
Hillsdale,Michigan,41.9274,-84.6365,11452
Sedro-Woolley,Washington,48.5095,-122.2344,11476
Fitzgerald,Georgia,31.7135,-83.2515,11476
Bellmawr,New Jersey,39.8665,-75.0942,11478
Coshocton,Ohio,40.262,-81.8482,11488
Cottage Grove,Oregon,43.7958,-123.0581,11488
Mexico,Missouri,39.1626,-91.8711,11491
Robinson,Texas,31.4501,-97.1202,11493
Yeadon,Pennsylvania,39.9325,-75.2527,11493
D'Iberville,Mississippi,30.4545,-88.8982,11503
Broussard,Louisiana,30.1394,-91.9539,11507
Elgin,Texas,30.3529,-97.3887,11510
Du Bois,Pennsylvania,41.1225,-78.7564,11514
Cedarburg,Wisconsin,43.2991,-87.9887,11518
Grove City,Pennsylvania,41.1572,-80.0893,11524
Bradford,Pennsylvania,41.9604,-78.6413,11531
Tarrytown,New York,41.0647,-73.8673,11532
Ravenna,Ohio,41.1613,-81.2421,11533
Chowchilla,California,37.1095,-120.2349,11536
Byram,Mississippi,32.189,-90.2861,11545
Storm Lake,Iowa,42.6431,-95.197,11549
Arlington,Tennessee,35.2595,-89.668,11551
West Plains,Missouri,36.7379,-91.868,11555
Berlin,New Hampshire,44.4871,-71.2601,11560
Newcastle,Washington,47.5304,-122.1633,11567
Grafton,Wisconsin,43.3205,-87.9482,11568
Coolidge,Arizona,32.9595,-111.5285,11568
North Vernon,Indiana,39.0151,-85.6287,11575
Lincoln City,Oregon,44.975,-124.0073,11577
Clute,Texas,29.0273,-95.3972,11586
Guymon,Oklahoma,36.6901,-101.4778,11596
Garden City,Idaho,43.6527,-116.2746,11602
Jefferson,Georgia,34.1368,-83.6022,11610
Guttenberg,New Jersey,40.7927,-74.0047,11618
Mendota,California,36.7555,-120.3777,11621
Richfield,Wisconsin,43.2372,-88.2413,11622
Lamesa,Texas,32.7333,-101.9542,11627
Jackson,Ohio,39.046,-82.6494,11627
Elizabethtown,Pennsylvania,40.1534,-76.5991,11629
Archdale,North Carolina,35.9035,-79.9612,11631
Los Alamitos,California,33.7972,-118.0594,11636
East Grand Rapids,Michigan,42.9464,-85.6088,11637
Newport,Oregon,44.6231,-124.0524,11639
Eureka,Missouri,38.5013,-90.6492,11641
Port Washington,Wisconsin,43.3847,-87.8851,11642
Tomball,Texas,30.097,-95.6185,11643
River Edge,New Jersey,40.9269,-74.0387,11647
Signal Hill,California,33.8029,-118.1681,11649
Enumclaw,Washington,47.2018,-121.9898,11654
Seven Hills,Ohio,41.3805,-81.6737,11655
Emeryville,California,37.8382,-122.2932,11671
Loganville,Georgia,33.8353,-83.8957,11674
Bridgeton,Missouri,38.7672,-90.4277,11680
Wallington,New Jersey,40.8535,-74.1067,11689
Gulf Shores,Alabama,30.2718,-87.708,11689
Schiller Park,Illinois,41.9586,-87.8693,11692
Prineville,Oregon,44.2989,-120.8594,11701
Beachwood,Ohio,41.4759,-81.503,11707
Bainbridge,Georgia,30.9046,-84.5722,11713
East Bethel,Minnesota,45.3556,-93.2035,11713
Winchester,Tennessee,35.1898,-86.1078,11724
Sandpoint,Idaho,48.2811,-116.5599,11751
Evanston,Wyoming,41.2602,-110.9646,11755
Wanaque,New Jersey,41.044,-74.2901,11759
Cocoa Beach,Florida,28.3328,-80.6274,11761
Florham Park,New Jersey,40.7772,-74.3953,11766
Franklin,Ohio,39.5537,-84.295,11780
Somersworth,New Hampshire,43.2534,-70.8856,11791
Eunice,Louisiana,30.4904,-92.4191,11803
Kingsburg,California,36.5241,-119.5608,11807
Woodward,Oklahoma,36.4246,-99.4059,11807
Newton,New Jersey,41.0535,-74.7527,11808
Bluffdale,Utah,40.4743,-111.9383,11809
Cadillac,Michigan,44.2494,-85.4137,11809
Red Bank,Tennessee,35.1116,-85.2962,11813
Ozark,Alabama,31.4508,-85.6473,11826
Healdsburg,California,38.6229,-122.8651,11827
Bennettsville,South Carolina,34.6303,-79.6874,11839
Weatherford,Oklahoma,35.5385,-98.6872,11844
Lansing,Kansas,39.2435,-94.8981,11849
Portland,Tennessee,36.5878,-86.5191,11854
Malvern,Arkansas,34.369,-92.8186,11861
Otsego,Michigan,42.457,-85.6975,11864
El Campo,Texas,29.1983,-96.2738,11885
Freehold,New Jersey,40.2595,-74.2753,11891
Bogalusa,Louisiana,30.7812,-89.8633,11894
Macedonia,Ohio,41.3147,-81.499,11899
Crestwood,Missouri,38.5569,-90.3783,11905
Grimes,Iowa,41.6776,-93.7946,11909
Scotts Valley,California,37.0555,-122.0118,11928
Greensburg,Indiana,39.3515,-85.5024,11928
Snyder,Texas,32.7136,-100.9108,11938
Leeds,Alabama,33.5429,-86.5636,11940
Bucyrus,Ohio,40.8054,-82.9719,11940
Glen Rock,New Jersey,40.96,-74.1248,11946
Lake Station,Indiana,41.5729,-87.26,11952
Manchester,Tennessee,35.4629,-86.0774,11959
Port Lavaca,Texas,28.6181,-96.6278,11963
Clawson,Michigan,42.5367,-83.1504,11970
Cottonwood,Arizona,34.7194,-112.0014,11990
Clayton,California,37.9403,-121.9301,11992
Woodinville,Washington,47.7568,-122.1479,12000
Lovington,New Mexico,32.9457,-103.3504,12003
Brown Deer,Wisconsin,43.1743,-87.975,12011
Somerset,Pennsylvania,40.005,-79.0778,12011
Norton,Ohio,41.0294,-81.6461,12011
Winfield,Kansas,37.2739,-96.95,12012
Poquoson,Virginia,37.1318,-76.3569,12017
Waconia,Minnesota,44.8411,-93.7933,12020
Robstown,Texas,27.7886,-97.6685,12022
Santaquin,Utah,39.9713,-111.7936,12041
Glenwood Springs,Colorado,39.5459,-107.3348,12042
Edgewater,New Jersey,40.8234,-73.974,12044
Delavan,Wisconsin,42.6281,-88.6324,12045
Kelso,Washington,46.1249,-122.8907,12047
Pell City,Alabama,33.5609,-86.2669,12055
Azle,Texas,32.8954,-97.5379,12064
Batesville,Arkansas,35.7687,-91.6226,12065
Florida City,Florida,25.4418,-80.4685,12078
Amherst,Ohio,41.4022,-82.2303,12078
Babylon,New York,40.6949,-73.3271,12079
Shepherdsville,Kentucky,37.9841,-85.7007,12082
Richmond,Texas,29.5817,-95.7605,12092
Cordele,Georgia,31.9563,-83.7695,12092
Royse City,Texas,32.9769,-96.3213,12093
Speedway,Indiana,39.7937,-86.2479,12102
Riverview,Michigan,42.1729,-83.1935,12103
Festus,Missouri,38.2198,-90.4095,12104
Gladstone,Oregon,45.3864,-122.5933,12116
Haverstraw,New York,41.1934,-73.952,12129
Georgetown,South Carolina,33.3595,-79.296,12133
Holly Hill,Florida,29.2442,-81.0461,12142
Gatesville,Texas,31.444,-97.7333,12147
Saint Peter,Minnesota,44.3295,-93.9643,12149
Freeport,Texas,28.9428,-95.3622,12153
Frederick,Colorado,40.1096,-104.9677,12154
Newberry,South Carolina,34.2822,-81.6012,12156
Red Bank,New Jersey,40.348,-74.0674,12160
Ottawa,Kansas,38.5998,-95.2643,12161
Somerville,New Jersey,40.5696,-74.6092,12165
Trophy Club,Texas,33.0038,-97.1897,12166
Lindale,Texas,32.4933,-95.4069,12171
Irmo,South Carolina,34.1016,-81.1949,12177
Hasbrouck Heights,New Jersey,40.862,-74.0742,12182
Cedar Lake,Indiana,41.3693,-87.438,12183
Elkhorn,Wisconsin,42.6711,-88.5376,12198
Silver City,New Mexico,32.7783,-108.2699,12202
South Miami,Florida,25.7078,-80.2952,12207
Cheney,Washington,47.49,-117.5789,12213
Pontiac,Illinois,40.8881,-88.6415,12215
Warwick,New York,41.2551,-74.355,12222
Blue Ash,Ohio,39.2478,-84.3824,12228
Marysville,California,39.1518,-121.5835,12249
Athens,Texas,32.2053,-95.8348,12266
Blythe,California,33.6219,-114.6177,12267
Wilmington,Ohio,39.4387,-83.8184,12280
Eatontown,New Jersey,40.2913,-74.0558,12287
Truckee,California,39.3455,-120.1848,12296
Oregon,Wisconsin,42.9252,-89.3887,12297
Ishpeming,Michigan,46.4861,-87.6658,12303
Grants,New Mexico,35.1538,-107.8347,12305
Neosho,Missouri,36.844,-94.3756,12305
Beatrice,Nebraska,40.2738,-96.7455,12308
Portales,New Mexico,34.1765,-103.3543,12310
Othello,Washington,46.8226,-119.1654,12324
West Haven,Utah,41.2082,-112.0538,12329
Glenn Heights,Texas,32.5507,-96.8548,12336
LaBelle,Florida,26.7212,-81.4526,12337
Fergus Falls,Minnesota,46.285,-96.0763,12338
North Saint Paul,Minnesota,45.0137,-92.9995,12338
Chelsea,Alabama,33.3258,-86.6287,12341
Choctaw,Oklahoma,35.48,-97.2666,12354
New Baltimore,Michigan,42.6903,-82.7398,12355
Irondale,Alabama,33.544,-86.6599,12359
Marion,Arkansas,35.2039,-90.2059,12362
Ellwood City,Pennsylvania,40.8619,-80.283,12371
Larkspur,California,37.9394,-122.5313,12382
Northlake,Illinois,41.9143,-87.9053,12391
Plymouth,Indiana,41.3482,-86.3188,12392
Ringwood,New Jersey,41.1063,-74.2754,12399
Kewanee,Illinois,41.2399,-89.9258,12401
Gulfport,Florida,27.7463,-82.7099,12407
Cornelius,Oregon,45.5198,-123.0529,12414
Winnetka,Illinois,42.1065,-87.7421,12417
Palos Heights,Illinois,41.6637,-87.7959,12438
Fredericksburg,Texas,30.2669,-98.8759,12442
Patchogue,New York,40.7621,-73.0185,12449
Avenal,California,36.0312,-120.116,12451
Davidson,North Carolina,35.4861,-80.8272,12452
Chatham,Illinois,39.6714,-89.6962,12453
Green River,Wyoming,41.5124,-109.4708,12458
Federal Heights,Colorado,39.8651,-105.0154,12458
Woodhaven,Michigan,42.132,-83.2374,12461
Richmond Hill,Georgia,31.9207,-81.3181,12482
Groveland,Florida,28.602,-81.8205,12493
Lakeland,Tennessee,35.2586,-89.7307,12494
Fulton,Missouri,38.855,-91.9512,12495
Marshall,Missouri,39.1145,-93.201,12501
Grand Terrace,California,34.0312,-117.3133,12509
Red Oak,Texas,32.5204,-96.786,12522
Lincolnwood,Illinois,42.0054,-87.7329,12527
Jackson,Wyoming,43.4723,-110.774,12540
Platteville,Wisconsin,42.7334,-90.4716,12550
Plover,Wisconsin,44.4614,-89.5373,12552
Markham,Illinois,41.6,-87.6905,12565
Cedartown,Georgia,34.0217,-85.25,12565
Suamico,Wisconsin,44.6352,-88.0664,12588
Spearfish,South Dakota,44.4912,-103.8166,12590
New Kensington,Pennsylvania,40.5711,-79.7521,12592
Lumberton,Texas,30.2562,-94.2071,12594
San Anselmo,California,37.9821,-122.5699,12599
Channahon,Illinois,41.4202,-88.2623,12600
Virginia,Minnesota,47.5172,-92.5121,12603
Jesup,Georgia,31.5991,-81.8898,12605
Mahomet,Illinois,40.188,-88.3907,12610
Oskaloosa,Iowa,41.2921,-92.6404,12611
Derby,Connecticut,41.3265,-73.0833,12631
Charlotte,Michigan,42.5662,-84.8304,12654
Arkansas City,Kansas,37.0726,-97.0386,12656
Jacksonville,Alabama,33.8084,-85.7544,12657
Bedford,Ohio,41.3919,-81.5358,12665
Bay Saint Louis,Mississippi,30.3281,-89.3774,12667
Lilburn,Georgia,33.8887,-84.1379,12675
Corinth,Mississippi,34.9474,-88.5143,12678
Wilton Manors,Florida,26.1593,-80.1395,12682
Peru,Indiana,40.7585,-86.0715,12686
Wickliffe,Ohio,41.6072,-81.469,12689
Paris,Kentucky,38.2015,-84.2717,12704
Riverton,Wyoming,43.0416,-108.4125,12705
Sault Sainte Marie,Michigan,46.4816,-84.372,12705
Youngsville,Louisiana,30.096,-91.9961,12709
Loveland,Ohio,39.2679,-84.2731,12732
Clarkston,Georgia,33.8138,-84.2381,12742
Boone,Iowa,42.0531,-93.8773,12742
Rogers,Minnesota,45.1865,-93.5781,12748
New Providence,New Jersey,40.6996,-74.4037,12758
Trenton,Ohio,39.4791,-84.462,12762
Panama City Beach,Florida,30.237,-85.8776,12776
Glendale,Wisconsin,43.1289,-87.9277,12779
Oak Island,North Carolina,33.9433,-78.1366,12779
Port Royal,South Carolina,32.3579,-80.7047,12785
Lawrenceburg,Indiana,39.0989,-84.8713,12787
South Daytona,Florida,29.1656,-81.0056,12789
Port Neches,Texas,29.9765,-93.9459,12809
Powell,Ohio,40.1679,-83.08,12810
Saint Ann,Missouri,38.7266,-90.3871,12812
Minden,Louisiana,32.6187,-93.2762,12822
Moody,Alabama,33.5986,-86.4963,12823
Hammonton,New Jersey,39.6571,-74.7679,12828
Dover,Ohio,40.5302,-81.4805,12843
Justice,Illinois,41.7495,-87.8345,12844
South Charleston,West Virginia,38.3482,-81.711,12859
Kingston,Pennsylvania,41.2652,-75.8875,12861
Centerton,Arkansas,36.3551,-94.296,12861
New Carrollton,Maryland,38.9663,-76.8769,12868
Malibu,California,34.0368,-118.7845,12879
Dayton,Texas,30.0358,-94.9024,12895
Forrest City,Arkansas,35.0101,-90.7875,12896
Sturgis,Michigan,41.8003,-85.4184,12903
West Monroe,Louisiana,32.5121,-92.1513,12922
Cloquet,Minnesota,46.7221,-92.4924,12922
Fruita,Colorado,39.154,-108.7285,12924
Greenville,Ohio,40.1042,-84.6209,12943
Forest Hill,Texas,32.662,-97.2664,12947
Herrin,Illinois,37.7984,-89.0304,12950
Mounds View,Minnesota,45.1071,-93.2077,12952
Verona,Wisconsin,42.9879,-89.5371,12969
Pecos,Texas,31.4046,-103.5057,12973
Commerce,California,33.9963,-118.1519,12973
Keokuk,Iowa,40.4096,-91.4031,12976
Glen Carbon,Illinois,38.758,-89.9839,12978
Andover,Kansas,37.687,-97.1352,12980
Worthington,Minnesota,43.6279,-95.5984,12984
Endicott,New York,42.098,-76.0639,12992
North Palm Beach,Florida,26.8217,-80.0574,12993
Bastrop,Louisiana,32.7749,-91.9058,13010
Shiloh,Illinois,38.554,-89.9163,13011
Rochester,Michigan,42.6867,-83.1197,13017
Key Biscayne,Florida,25.6908,-80.1653,13019
Bellefontaine,Ohio,40.3627,-83.763,13038
Newton,North Carolina,35.6631,-81.2333,13042
Ridgefield Park,New Jersey,40.8544,-74.0199,13059
Coatesville,Pennsylvania,39.985,-75.8199,13064
Tarboro,North Carolina,35.9046,-77.5562,13080
Maryville,Missouri,40.3438,-94.8706,13081
Washington,Indiana,38.6592,-87.1721,13090
McPherson,Kansas,38.3712,-97.6608,13091
Martinsville,Indiana,39.4228,-86.4207,13097
Port Clinton,Ohio,41.5094,-82.9383,13104
Dallas,Georgia,33.9153,-84.8416,13108
South Sioux City,Nebraska,42.4636,-96.4149,13120
Bellefonte,Pennsylvania,40.9141,-77.7683,13126
University Heights,Ohio,41.4948,-81.5348,13126
Oakland,New Jersey,41.0313,-74.2411,13130
Stoughton,Wisconsin,42.9237,-89.2219,13134
Taylorville,Illinois,39.5328,-89.2804,13138
Lockhart,Texas,29.8785,-97.6831,13142
Superior,Colorado,39.9348,-105.1584,13155
Clayton,Ohio,39.8689,-84.3292,13160
Huron,South Dakota,44.3622,-98.2102,13163
Spring Lake,North Carolina,35.184,-78.9963,13168
Borger,Texas,35.6598,-101.4012,13179
Dunmore,Pennsylvania,41.4153,-75.6072,13187
New Ulm,Minnesota,44.312,-94.4678,13188
Santa Fe,Texas,29.3891,-95.1005,13205
Fort Morgan,Colorado,40.2561,-103.7907,13215
Soddy-Daisy,Tennessee,35.2571,-85.174,13217
Globe,Arizona,33.3869,-110.7515,13234
Warrensville Heights,Ohio,41.4363,-81.5222,13236
Warrenville,Illinois,41.821,-88.1856,13246
Lawrenceburg,Kentucky,38.0331,-84.9031,13262
Lake Forest Park,Washington,47.7592,-122.2877,13266
Lone Tree,Colorado,39.5308,-104.871,13271
Lapeer,Michigan,43.0447,-83.3254,13283
Talladega,Alabama,33.4329,-86.0976,13298
Fortuna,California,40.5855,-124.1417,13299
Vadnais Heights,Minnesota,45.057,-93.0747,13321
Dardenne Prairie,Missouri,38.7549,-90.7308,13329
San Marino,California,34.1224,-118.1132,13365
Shorewood,Wisconsin,43.0913,-87.8863,13368
Kittanning,Pennsylvania,40.8279,-79.5233,13381
Marion,North Carolina,35.6776,-82.0016,13383
Western Springs,Illinois,41.8022,-87.9006,13391
Riverdale,Illinois,41.644,-87.6366,13398
Ferndale,Washington,48.8525,-122.5893,13403
Sharon,Pennsylvania,41.2339,-80.4997,13405
Twentynine Palms,California,34.1484,-116.0655,13410
Brecksville,Ohio,41.3079,-81.6193,13425
Chesterton,Indiana,41.5995,-87.0549,13441
Palmetto,Florida,27.525,-82.5749,13446
Marshall,Minnesota,44.4488,-95.7897,13448
Solana Beach,California,32.9946,-117.2575,13449
Atlantic Beach,Florida,30.3372,-81.4128,13452
Grovetown,Georgia,33.4495,-82.2066,13463
Monroe,Ohio,39.4461,-84.3666,13473
Glenpool,Oklahoma,35.9481,-96.0049,13479
La Grange Park,Illinois,41.8308,-87.8723,13483
Brevard,North Carolina,35.2437,-82.7266,13486
Newark,New York,43.0418,-77.093,13487
Calera,Alabama,33.1249,-86.745,13489
Swansea,Illinois,38.5502,-89.9854,13500
Englewood,Ohio,39.8643,-84.3071,13502
Washington,Pennsylvania,40.1739,-80.2465,13514
Havre de Grace,Maryland,39.5471,-76.1135,13527
Steamboat Springs,Colorado,40.4774,-106.8233,13529
Reidsville,North Carolina,36.3379,-79.6726,13541
Richton Park,Illinois,41.4821,-87.7353,13557
Moss Point,Mississippi,30.4241,-88.5289,13570
Palos Verdes Estates,California,33.7871,-118.3976,13586
Lyndhurst,Ohio,41.5172,-81.4922,13605
Waunakee,Wisconsin,43.183,-89.4426,13607
Ocean View,Delaware,38.5357,-75.0991,13612
Rincon,Georgia,32.2936,-81.2357,13617
North Mankato,Minnesota,44.181,-94.0377,13619
Price,Utah,39.604,-110.8004,13627
Baker,Louisiana,30.5833,-91.1578,13628
Sauk Rapids,Minnesota,45.5981,-94.154,13631
Roselle Park,New Jersey,40.6653,-74.2667,13638
Grover Beach,California,35.1205,-120.6199,13641
Destin,Florida,30.395,-86.4701,13654
Seabrook,Texas,29.5751,-95.0236,13656
Bexley,Ohio,39.965,-82.9342,13669
Carpinteria,California,34.3961,-119.5117,13684
Grain Valley,Missouri,39.0166,-94.2086,13684
Franklin,Louisiana,29.7851,-91.5098,13706
Lewisville,North Carolina,36.1029,-80.4167,13710
Clewiston,Florida,26.7532,-80.9399,13716
Harper Woods,Michigan,42.439,-82.9294,13730
Vidalia,Georgia,32.2134,-82.4035,13736
Whitehall,Pennsylvania,40.3602,-79.9898,13749
Wauconda,Illinois,42.2749,-88.136,13758
Wixom,Michigan,42.5244,-83.5347,13758
Sharonville,Ohio,39.2824,-84.4069,13761
Hutchinson,Minnesota,44.8856,-94.3763,13767
Alpena,Michigan,45.0745,-83.4383,13767
Southern Pines,North Carolina,35.1922,-79.4042,13782
Gardendale,Alabama,33.6677,-86.8069,13783
Taos,New Mexico,36.3868,-105.5802,13799
Middlesex,New Jersey,40.5744,-74.5011,13812
Jasper,Alabama,33.8514,-87.2719,13812
Wood Dale,Illinois,41.9665,-87.9808,13813
Artesia,New Mexico,32.8479,-104.4277,13816
Mount Dora,Florida,28.8143,-81.6344,13818
Moberly,Missouri,39.4185,-92.4364,13821
Hidalgo,Texas,26.108,-98.2481,13831
Muscle Shoals,Alabama,34.7426,-87.6336,13831
Ephrata,Pennsylvania,40.1811,-76.1812,13833
Hendersonville,North Carolina,35.3239,-82.4579,13840
Elizabethton,Tennessee,36.3363,-82.238,13854
Metuchen,New Jersey,40.5422,-74.3628,13871
Maumee,Ohio,41.5695,-83.6635,13874
Hazel Crest,Illinois,41.5732,-87.6899,13892
Allouez,Wisconsin,44.472,-88.0261,13896
Baraboo,Wisconsin,43.4696,-89.7378,13902
Beach Park,Illinois,42.4261,-87.8584,13913
DeRidder,Louisiana,30.8467,-93.2931,13934
Rantoul,Illinois,40.3032,-88.1551,13934
Saraland,Alabama,30.8439,-88.0954,13942
Port Orchard,Washington,47.516,-122.6616,13945
Okmulgee,Oklahoma,35.6136,-96.0069,13959
Livingston,California,37.3875,-120.7249,13961
Conneaut,Ohio,41.9277,-80.5685,13963
East Wenatchee,Washington,47.4172,-120.2809,13968
Whitefish Bay,Wisconsin,43.1132,-87.9004,13972
Covington,Georgia,33.6049,-83.8466,13977
Forest Park,Illinois,41.8683,-87.8157,13982
Hickory Hills,Illinois,41.7248,-87.8281,13992
Collingswood,New Jersey,39.916,-75.0759,14010
Falls Church,Virginia,38.8846,-77.1751,14014
Big Rapids,Michigan,43.6992,-85.4802,14021
Mountain Home,Arkansas,36.3345,-92.3845,14082
Chippewa Falls,Wisconsin,44.9358,-91.3903,14084
Willowick,Ohio,41.6343,-81.468,14087
Thomaston,Georgia,32.8907,-84.3272,14089
Levelland,Texas,33.5806,-102.3636,14104
Glasgow,Kentucky,37.0048,-85.9264,14115
Mebane,North Carolina,36.0894,-79.2734,14117
Camden,South Carolina,34.2564,-80.6085,14117
New Franklin,Ohio,40.9525,-81.5839,14149
Effingham,Illinois,39.12,-88.5509,14166
Fairburn,Georgia,33.5497,-84.5914,14182
Waxhaw,North Carolina,34.9362,-80.743,14194
Harrison,Arkansas,36.2438,-93.1198,14194
Highland Park,New Jersey,40.5006,-74.4284,14195
West Richland,Washington,46.3115,-119.3996,14198
Canton,Illinois,40.5631,-90.0411,14203
Greendale,Wisconsin,42.9371,-88.0019,14211
Mineral Wells,Texas,32.8169,-98.0776,14225
Cayce,South Carolina,33.9458,-81.0432,14233
Chicago Ridge,Illinois,41.7034,-87.7795,14236
Cahokia,Illinois,38.5651,-90.1776,14260
Beacon,New York,41.5036,-73.9655,14271
Antioch,Illinois,42.4744,-88.072,14274
Lebanon,Missouri,37.6718,-92.6603,14274
Ionia,Michigan,42.9772,-85.0725,14289
Hewitt,Texas,31.452,-97.1962,14322
Douglas,Georgia,31.5074,-82.8543,14323
Tehachapi,California,35.127,-118.4751,14336
Raymondville,Texas,26.4759,-97.7769,14339
Hayden,Idaho,47.7685,-116.801,14344
Mill Valley,California,37.9085,-122.5421,14350
Whitewater,Wisconsin,42.8371,-88.734,14352
Paradise Valley,Arizona,33.5435,-111.9595,14355
Buford,Georgia,34.1183,-83.9918,14356
Mount Washington,Kentucky,38.0427,-85.5553,14360
Lindenhurst,Illinois,42.4179,-88.0257,14372
Payson,Arizona,34.2432,-111.3195,14372
Hopatcong,New Jersey,40.9541,-74.6592,14384
Wauchula,Florida,27.547,-81.8102,14390
Oldsmar,Florida,28.0506,-82.6696,14397
Washington,Missouri,38.5517,-91.015,14397
Harrison,Ohio,39.257,-84.7883,14411
Jacksonville,Texas,31.9642,-95.2617,14418
Cambridge,Maryland,38.5519,-76.0788,14418
Fairview,New Jersey,40.8182,-74.0023,14421
Red Wing,Minnesota,44.5818,-92.6041,14424
Greensburg,Pennsylvania,40.3113,-79.5445,14430
Miami Springs,Florida,25.8195,-80.2896,14431
Phillipsburg,New Jersey,40.6895,-75.1821,14455
Robbinsdale,Minnesota,45.0261,-93.3331,14461
Hartselle,Alabama,34.4392,-86.9399,14471
Hawaiian Gardens,California,33.8303,-118.0728,14473
Pineville,Louisiana,31.3414,-92.4096,14480
Boulder City,Nevada,35.8407,-114.9256,14481
Mount Holly,North Carolina,35.3079,-81.0132,14495
Norridge,Illinois,41.9637,-87.8231,14498
Pleasanton,Texas,28.9636,-98.494,14503
Oil City,Pennsylvania,41.4282,-79.7035,14513
Fostoria,Ohio,41.1601,-83.4119,14517
Franklin Park,Pennsylvania,40.5903,-80.0999,14518
Worthington,Ohio,40.0949,-83.0209,14528
Hugo,Minnesota,45.1671,-92.9588,14532
Kerman,California,36.7249,-120.0625,14533
Deming,New Mexico,32.2632,-107.7514,14534
Tamaqua,Pennsylvania,40.8033,-75.9344,14536
Toppenish,Washington,46.3807,-120.3125,14550
Gramercy,Louisiana,30.061,-90.6929,14584
Astoria,Oregon,46.1856,-123.8047,14599
Hartford,Wisconsin,43.3215,-88.3777,14605
Thibodaux,Louisiana,29.7942,-90.8164,14610
Fraser,Michigan,42.5388,-82.9496,14622
London,Ohio,39.8936,-83.4375,14626
Lakeway,Texas,30.3557,-97.9805,14641
Chubbuck,Idaho,42.9226,-112.4699,14644
Purcellville,Virginia,39.1378,-77.7109,14645
Campbellsville,Kentucky,37.3443,-85.3502,14650
Park City,Utah,40.6459,-111.5038,14660
Johnson City,New York,42.1233,-75.9625,14673
Crowley,Louisiana,30.2174,-92.3752,14678
Warren,Pennsylvania,41.8433,-79.1445,14680
McFarland,California,35.6781,-119.2414,14680
Midlothian,Illinois,41.6254,-87.7243,14699
Graham,North Carolina,36.0601,-79.3906,14707
Boerne,Texas,29.7856,-98.7297,14719
Connersville,Indiana,39.6582,-85.141,14740
Beech Grove,Indiana,39.7153,-86.087,14740
Yankton,South Dakota,42.89,-97.3923,14749
Jennings,Missouri,38.723,-90.2643,14755
Mastic Beach,New York,40.7667,-72.842,14760
New Freedom,Pennsylvania,39.7353,-76.6967,14774
Knightdale,North Carolina,35.7921,-78.4968,14794
Pierre,South Dakota,44.3748,-100.3205,14808
Tenafly,New Jersey,40.9174,-73.9529,14846
Sulphur Springs,Texas,33.1421,-95.6124,14850
Tonawanda,New York,43.0105,-78.8805,14858
Henderson,Texas,32.1576,-94.796,14859
El Dorado,Kansas,37.8208,-96.8612,14860
Troy,Missouri,38.971,-90.9717,14889
Bedford,Indiana,38.8602,-86.4895,14896
Archer Lodge,North Carolina,35.6909,-78.3744,14907
Cambridge,Ohio,40.0221,-81.5868,14943
Powder Springs,Georgia,33.866,-84.6838,14956
Crowley,Texas,32.578,-97.3584,14969
Lake Geneva,Wisconsin,42.5825,-88.4283,14974
Lady Lake,Florida,28.924,-81.93,14974
Niceville,Florida,30.5301,-86.4826,14974
Port Isabel,Texas,26.0538,-97.2505,14991
Longwood,Florida,28.7016,-81.3489,15011
Buda,Texas,30.0854,-97.844,15023
Fort Mill,South Carolina,35.0072,-80.9381,15029
College Park,Georgia,33.6385,-84.4597,15035
Jackson,Missouri,37.3794,-89.6525,15036
Vandalia,Ohio,39.879,-84.193,15058
Taft,California,35.1267,-119.4242,15060
Dumas,Texas,35.8613,-101.9642,15063
Las Vegas,New Mexico,35.6011,-105.2206,15077
La Grande,Oregon,45.3243,-118.0865,15077
Weston,Wisconsin,44.8905,-89.5488,15092
West Park,Florida,25.984,-80.1922,15112
Andrews,Texas,32.3211,-102.5522,15113
Ramsey,New Jersey,41.0595,-74.1457,15116
Washington Court House,Ohio,39.5384,-83.4276,15116
Hartsville,South Carolina,34.3679,-80.0829,15133
Kenmore,New York,42.9646,-78.8713,15143
Parlier,California,36.6082,-119.5436,15174
Depew,New York,42.9117,-78.7044,15190
Villa Rica,Georgia,33.7305,-84.9168,15201
Sterling,Colorado,40.6207,-103.1919,15228
Yazoo City,Mississippi,32.8618,-90.4067,15241
Newport,Kentucky,39.0855,-84.4868,15241
Wendell,North Carolina,35.7823,-78.3963,15242
Indianola,Iowa,41.3624,-93.5659,15249
Ammon,Idaho,43.4748,-111.9559,15252
Cambridge,Minnesota,45.5615,-93.228,15265
Callaway,Florida,30.1352,-85.56,15269
Berkley,Michigan,42.4986,-83.1853,15272
Canyon,Texas,34.9877,-101.9179,15294
Jamestown,North Dakota,46.9065,-98.6927,15297
Bay Village,Ohio,41.4851,-81.9315,15328
Blackfoot,Idaho,43.1939,-112.3457,15340
Harrisburg,North Carolina,35.3145,-80.6495,15349
Addison,Texas,32.9587,-96.8356,15368
Stallings,North Carolina,35.108,-80.6607,15378
Westbury,New York,40.7599,-73.5891,15384
New Haven,Indiana,41.0669,-85.0282,15384
Galion,Ohio,40.7392,-82.7773,15406
Belgrade,Montana,45.7822,-111.1757,15411
Millbrook,Alabama,32.5033,-86.3729,15413
Carthage,Missouri,37.1503,-94.3225,15421
Mitchell,South Dakota,43.7295,-98.0336,15421
Cleveland,Mississippi,33.7431,-90.729,15424
Newton,Iowa,41.6965,-93.0405,15428
Washington,New Jersey,40.7586,-74.9826,15457
Pataskala,Ohio,40.0109,-82.7159,15458
Ripon,California,37.7415,-121.1305,15463
Washougal,Washington,45.5812,-122.3433,15466
Hereford,Texas,34.8232,-102.4001,15468
Bradley,Illinois,41.1634,-87.8466,15471
West University Place,Texas,29.7157,-95.4321,15516
Bellevue,Wisconsin,44.4592,-87.9553,15524
Auburndale,Florida,28.0966,-81.8007,15540
Anna,Texas,33.3475,-96.5512,15554
Humble,Texas,29.992,-95.2656,15561
McMinnville,Tennessee,35.6859,-85.7817,15561
Hueytown,Alabama,33.4237,-87.0223,15561
Wilkinsburg,Pennsylvania,40.4442,-79.8733,15586
Middleburg Heights,Ohio,41.3695,-81.815,15608
La Grange,Illinois,41.8072,-87.8741,15610
Aberdeen,Maryland,39.5146,-76.1731,15612
Pacific Grove,California,36.6192,-121.9255,15624
Pulaski,Virginia,37.0531,-80.7624,15625
Circleville,Ohio,39.6062,-82.9335,15626
Hernando,Mississippi,34.8496,-89.992,15631
Grosse Pointe Woods,Michigan,42.4366,-82.8989,15639
King City,California,36.2165,-121.133,15652
Long Beach,Mississippi,30.3605,-89.1645,15677
Fillmore,California,34.3989,-118.9181,15692
River Falls,Wisconsin,44.8601,-92.622,15698
Great Bend,Kansas,38.3592,-98.8007,15712
Lebanon,Indiana,40.0318,-86.455,15713
Asbury Park,New Jersey,40.2226,-74.0118,15722
Clearlake,California,38.959,-122.6331,15737
Elkton,Maryland,39.6066,-75.8205,15744
Hood River,Oregon,45.7092,-121.526,15747
Live Oak,Texas,29.5545,-98.3404,15749
Greenwood Village,Colorado,39.6152,-104.913,15749
Shively,Kentucky,38.197,-85.8136,15751
Coalinga,California,36.1432,-120.3268,15756
Groves,Texas,29.9457,-93.9164,15758
Gun Barrel City,Texas,32.3277,-96.1286,15762
La Palma,California,33.8504,-118.0407,15774
Lake Saint Louis,Missouri,38.785,-90.7872,15777
Bastrop,Texas,30.1112,-97.3159,15781
Dunn,North Carolina,35.311,-78.6132,15798
Overland,Missouri,38.6967,-90.3689,15802
Canton,Mississippi,32.5976,-90.0329,15847
Lake Wales,Florida,27.9192,-81.5969,15860
Mount Vernon,Illinois,38.3144,-88.9173,15861
Hermitage,Pennsylvania,41.231,-80.4412,15867
North Arlington,New Jersey,40.7872,-74.1269,15868
Aurora,Ohio,41.3118,-81.345,15876
Kaukauna,Wisconsin,44.2777,-88.2645,15900
Manassas Park,Virginia,38.7717,-77.4448,15915
Conyers,Georgia,33.6645,-83.9967,15919
Tavares,Florida,28.7927,-81.7365,15922
Kirksville,Missouri,40.1986,-92.5753,15927
Dyer,Indiana,41.4977,-87.5088,15941
Floral Park,New York,40.7226,-73.7029,15951
Rye,New York,40.969,-73.6878,15980
Fallon,Nevada,39.4739,-118.778,15982
Grandville,Michigan,42.9003,-85.7564,16002
Houghton,Michigan,47.1122,-88.5696,16010
Taylor,Texas,30.5743,-97.4233,16019
North Myrtle Beach,South Carolina,33.8225,-78.7086,16032
Miami,Oklahoma,36.8877,-94.8718,16042
Gainesville,Texas,33.6391,-97.1488,16058
Clemson,South Carolina,34.6841,-82.8124,16058
Madison,New Jersey,40.7585,-74.417,16072
Seagoville,Texas,32.653,-96.5455,16093
Otsego,Minnesota,45.266,-93.62,16094
Donaldsonville,Louisiana,30.0954,-90.9925,16103
Mountain Home,Idaho,43.1328,-115.6965,16105
Clarksdale,Mississippi,34.1971,-90.5729,16109
Republic,Missouri,37.145,-93.4448,16116
Chickasha,Oklahoma,35.041,-97.9472,16118
Yelm,Washington,46.9398,-122.6261,16125
Monroe,Georgia,33.7997,-83.7155,16146
Burley,Idaho,42.5371,-113.7933,16160
New Port Richey,Florida,28.2468,-82.7169,16167
Lake Mary,Florida,28.7591,-81.336,16198
Perry,Georgia,32.4713,-83.7282,16200
Frankfort,Indiana,40.2799,-86.5181,16205
Dixon,Illinois,41.8436,-89.4786,16216
Ham Lake,Minnesota,45.2545,-93.2039,16221
Hope Mills,North Carolina,34.9696,-78.9581,16227
Harrison,New Jersey,40.7431,-74.1532,16231
Prospect Heights,Illinois,42.1039,-87.9267,16242
Jasper,Indiana,38.3936,-86.9405,16245
Bridgeview,Illinois,41.7402,-87.8067,16248
Terrell,Texas,32.7309,-96.2884,16252
Griffith,Indiana,41.5279,-87.424,16252
Riverdale,Georgia,33.5645,-84.4098,16258
Bemidji,Minnesota,47.4798,-94.8833,16271
Laguna Woods,California,33.6099,-117.7299,16272
Streetsboro,Ohio,41.2396,-81.3456,16272
West Columbia,South Carolina,33.9948,-81.0878,16282
Morton,Illinois,40.6137,-89.4668,16287
South River,New Jersey,40.4454,-74.3783,16295
Port Jervis,New York,41.3782,-74.6909,16299
Athens,Tennessee,35.4573,-84.6042,16328
Fairview Park,Ohio,41.4419,-81.853,16332
Mount Clemens,Michigan,42.5977,-82.8821,16349
Picayune,Mississippi,30.5289,-89.6788,16401
McComb,Mississippi,31.2449,-90.4714,16413
Solvang,California,34.5936,-120.1401,16438
Lindsay,California,36.2079,-119.0902,16443
Fort Thomas,Kentucky,39.0802,-84.4518,16445
Opa-locka,Florida,25.8997,-80.2551,16457
La Marque,Texas,29.369,-94.9957,16457
Vienna,Virginia,38.8996,-77.2597,16468
Center Point,Alabama,33.6447,-86.6851,16496
Alma,Michigan,43.38,-84.6556,16502
Donna,Texas,26.1468,-98.0559,16518
Lansdale,Pennsylvania,40.2417,-75.2812,16521
Oconomowoc,Wisconsin,43.0993,-88.4952,16526
Washington,North Carolina,35.5587,-77.0546,16526
Hazel Park,Michigan,42.4619,-83.0977,16530
Sunland Park,New Mexico,31.8187,-106.5932,16544
Sikeston,Missouri,36.8875,-89.587,16545
Crescent City,California,41.7728,-124.1902,16558
Westchester,Illinois,41.8492,-87.8906,16563
Lake Placid,Florida,27.2967,-81.3719,16610
Coldwater,Michigan,41.9428,-85.0016,16613
Troutdale,Oregon,45.5372,-122.3955,16617
Portland,Texas,27.8858,-97.3201,16618
Stuart,Florida,27.1962,-80.2438,16623
Clayton,Missouri,38.6443,-90.3301,16623
Highland Village,Texas,33.0897,-97.0615,16624
Mercedes,Texas,26.1533,-97.9128,16624
Country Club Hills,Illinois,41.5638,-87.7246,16637
Buffalo,Minnesota,45.1786,-93.8663,16643
Lakeport,California,39.0392,-122.9218,16649
Morris,Illinois,41.3744,-88.43,16656
Morganton,North Carolina,35.7407,-81.7002,16665
Centralia,Illinois,38.5222,-89.1233,16685
Fairview Heights,Illinois,38.5974,-90.0053,16686
Mount Pleasant,Texas,33.1613,-94.9717,16715
Kingsland,Georgia,30.8193,-81.7219,16720
Florence,Arizona,33.0631,-111.4272,16744
Dallas,Oregon,44.9221,-123.3136,16748
Vero Beach,Florida,27.6463,-80.3929,16751
New Milford,New Jersey,40.9339,-74.0195,16759
Zachary,Louisiana,30.6654,-91.1607,16760
Blytheville,Arkansas,35.9326,-89.9053,16766
Norcross,Georgia,33.9379,-84.2065,16787
Saint John,Indiana,41.4431,-87.469,16800
Mesquite,Nevada,36.8035,-114.1325,16819
Washington,Illinois,40.7039,-89.4349,16851
Artesia,California,33.8676,-118.0806,16874
Cohoes,New York,42.7732,-73.7077,16883
Phoenixville,Pennsylvania,40.1358,-75.5201,16885
Douglas,Arizona,31.3602,-109.5394,16885
El Segundo,California,33.9169,-118.4021,16893
Alton,Texas,26.2887,-98.3105,16895
Lemont,Illinois,41.6697,-87.9831,16895
El Reno,Oklahoma,35.543,-97.966,16902
Troy,Alabama,31.8021,-85.9665,16918
Albemarle,North Carolina,35.36,-80.1921,16929
Shorewood,Illinois,41.518,-88.2149,16948
Goodlettsville,Tennessee,36.3323,-86.7032,16950
Brenham,Texas,30.1576,-96.3957,16951
Wayne,Michigan,42.2774,-83.3877,16954
Bristol,Virginia,36.618,-82.1607,16960
Avon,Indiana,39.7604,-86.3916,16960
Lynden,Washington,48.9502,-122.4542,16966
Eden,North Carolina,36.5029,-79.7421,17019
Dickson,Tennessee,36.0637,-87.3661,17066
Batavia,New York,42.9987,-78.1802,17067
Streator,Illinois,41.125,-88.8303,17067
South Ogden,Utah,41.1715,-111.9568,17094
Katy,Texas,29.7911,-95.8268,17116
La Vista,Nebraska,41.1816,-96.0665,17143
Sartell,Minnesota,45.6187,-94.2202,17147
Massapequa Park,New York,40.6816,-73.4496,17202
Imperial,California,32.8375,-115.5719,17203
White Settlement,Texas,32.7554,-97.4605,17204
Versailles,Kentucky,38.0488,-84.7312,17209
Shippensburg,Pennsylvania,40.0485,-77.5227,17215
East Cleveland,Ohio,41.5318,-81.5795,17220
Butner,North Carolina,36.1285,-78.7501,17224
Sayre,Pennsylvania,41.9855,-76.5207,17252
Ashwaubenon,Wisconsin,44.4796,-88.089,17274
Centerville,Utah,40.9284,-111.8848,17286
Nederland,Texas,29.9707,-94.0015,17294
Saint Michael,Minnesota,45.2014,-93.6919,17295
Oneonta,New York,42.4551,-75.0666,17296
Crossville,Tennessee,35.9526,-85.0294,17335
Lock Haven,Pennsylvania,41.1365,-77.4521,17336
North Canton,Ohio,40.8742,-81.3971,17365
Anoka,Minnesota,45.21,-93.3894,17400
Palos Hills,Illinois,41.6986,-87.8266,17410
Berea,Kentucky,37.5903,-84.2897,17412
Moraga,California,37.8438,-122.1225,17416
North Aurora,Illinois,41.8083,-88.3412,17426
Eloy,Arizona,32.7464,-111.5994,17442
Pendleton,Oregon,45.6747,-118.8173,17445
South Houston,Texas,29.6611,-95.2285,17463
Lindenwold,New Jersey,39.8171,-74.9894,17470
Radford,Virginia,37.1229,-80.5583,17483
Maitland,Florida,28.6293,-81.3716,17519
Fayetteville,Georgia,33.4497,-84.4703,17519
Albert Lea,Minnesota,43.6548,-93.3643,17522
Tallmadge,Ohio,41.1023,-81.4216,17534
Clive,Iowa,41.6145,-93.7973,17546
Lincoln,Illinois,40.1507,-89.372,17552
Greenfield,California,36.3232,-121.245,17557
North Adams,Massachusetts,42.6844,-73.1166,17603
Safety Harbor,Florida,28.008,-82.6965,17606
Hinsdale,Illinois,41.8005,-87.9273,17631
Ocean Springs,Mississippi,30.4082,-88.7861,17652
Anacortes,Washington,48.4878,-122.6291,17667
Martinsburg,West Virginia,39.458,-77.9779,17687
Sylacauga,Alabama,33.1779,-86.2606,17696
Godfrey,Illinois,38.9582,-90.2158,17733
Springfield,Tennessee,36.4944,-86.8706,17747
Takoma Park,Maryland,38.981,-77.0028,17765
Colonial Heights,Virginia,37.265,-77.3969,17772
Americus,Georgia,32.0737,-84.2248,17775
Easton,Maryland,38.776,-76.0702,17781
Silverthorne,Colorado,39.6563,-106.0869,17792
Tinton Falls,New Jersey,40.2708,-74.0949,17800
Somerton,Arizona,32.6009,-114.699,17800
Tullahoma,Tennessee,35.372,-86.2173,17821
Marion,Illinois,37.717,-88.9274,17826
Cary,Illinois,42.2128,-88.2491,17840
Menasha,Wisconsin,44.2129,-88.4272,17856
Sycamore,Illinois,41.9955,-88.6816,17867
Lackawanna,New York,42.8182,-78.8324,17868
Dumont,New Jersey,40.945,-73.9925,17871
Gretna,Louisiana,29.91,-90.0516,17897
Scarsdale,New York,40.9902,-73.7773,17909
Kuna,Idaho,43.4849,-116.3993,17930
Sunnyside,Washington,46.3159,-120.0058,17931
Pampa,Texas,35.5479,-100.965,17931
Altoona,Iowa,41.6468,-93.4768,17938
Lenoir,North Carolina,35.9059,-81.5269,17973
Ada,Oklahoma,34.7683,-96.6689,17981
Huntington,Indiana,40.8812,-85.5062,17982
Newburyport,Massachusetts,42.8124,-70.8879,17987
Santa Fe Springs,California,33.933,-118.0625,18027
Menominee,Wisconsin,44.8893,-91.9087,18063
Saint Matthews,Kentucky,38.2495,-85.6382,18071
Steubenville,Ohio,40.3653,-80.652,18072
Salem,Ohio,40.9049,-80.8491,18078
Cocoa,Florida,28.3821,-80.7675,18102
Hopkins,Minnesota,44.9259,-93.4058,18105
Crawfordsville,Indiana,40.0433,-86.8966,18109
Franklin Park,Illinois,41.936,-87.8794,18110
Beaver Dam,Wisconsin,43.4687,-88.8312,18121
Maumelle,Arkansas,34.8525,-92.3994,18122
Eastlake,Ohio,41.6581,-81.4323,18134
Manchester,Missouri,38.5831,-90.5064,18146
Shenandoah,Pennsylvania,40.8167,-76.2004,18166
Arcadia,Florida,27.2213,-81.8586,18184
Durant,Oklahoma,33.9957,-96.3938,18187
Rancho Mirage,California,33.7625,-116.4273,18194
Cudahy,Wisconsin,42.9467,-87.8638,18200
North Wilkesboro,North Carolina,36.1728,-81.1391,18217
Kilgore,Texas,32.3979,-94.8603,18246
Dover,New Jersey,40.8859,-74.5597,18252
Trenton,Michigan,42.1394,-83.193,18253
Madison,Indiana,38.758,-85.397,18298
Central Point,Oregon,42.3764,-122.911,18328
Seminole,Florida,27.8429,-82.7835,18334
Bensenville,Illinois,41.9595,-87.9435,18355
Hannibal,Missouri,39.7097,-91.3936,18361
Round Lake,Illinois,42.3439,-88.1059,18375
Prosper,Texas,33.2394,-96.8088,18379
El Dorado,Arkansas,33.2182,-92.6641,18396
Westbrook,Maine,43.6955,-70.3538,18402
Monroe,Washington,47.8594,-121.9854,18408
Stafford,Texas,29.6272,-95.5654,18422
Mattoon,Illinois,39.4774,-88.3623,18438
Hyattsville,Maryland,38.9612,-76.9548,18449
Springboro,Ohio,39.5612,-84.2348,18452
Niles,Ohio,41.1877,-80.7531,18458
Ingleside,Texas,27.8709,-97.2072,18461
Gautier,Mississippi,30.4106,-88.6568,18471
Bourbonnais,Illinois,41.1831,-87.8781,18499
Defiance,Ohio,41.2806,-84.3663,18507
North Liberty,Iowa,41.744,-91.6107,18520
Red Bluff,California,40.1734,-122.2414,18540
Point Pleasant,New Jersey,40.0772,-74.0702,18545
Bellaire,Texas,29.7039,-95.4622,18593
Creve Coeur,Missouri,38.6621,-90.443,18612
Rutherford,New Jersey,40.8203,-74.1058,18635
Highland,Utah,40.4274,-111.7956,18647
Westminster,Maryland,39.5799,-77.0066,18671
Forest Park,Ohio,39.286,-84.5259,18671
Helena,Alabama,33.2855,-86.8748,18673
Brook Park,Ohio,41.4036,-81.8219,18691
Onalaska,Wisconsin,43.888,-91.2075,18697
Beeville,Texas,28.4059,-97.7494,18714
Mayfield Heights,Ohio,41.5175,-81.4534,18731
Ansonia,Connecticut,41.3443,-73.0689,18732
Iron Mountain,Michigan,45.8275,-88.0605,18732
Whitehall,Ohio,39.9682,-82.8833,18736
Brookfield,Illinois,41.8245,-87.847,18753
Marshfield,Wisconsin,44.6633,-90.1731,18760
Rutland,Vermont,43.6091,-72.9782,18765
North Ogden,Utah,41.3124,-111.9586,18791
Punta Gorda,Florida,26.8933,-82.0524,18796
Moultrie,Georgia,31.1591,-83.7705,18799
Erlanger,Kentucky,39.0109,-84.5863,18813
Yorkville,Illinois,41.6551,-88.4509,18833
Leland,North Carolina,34.2035,-78.0293,18843
Frankfort,Illinois,41.4913,-87.8395,18857
Berea,Ohio,41.3696,-81.8642,18859
Twinsburg,Ohio,41.3221,-81.4451,18877
Bluffton,South Carolina,32.2129,-80.9316,18897
Grandview,Washington,46.2432,-119.9082,18909
Sylvania,Ohio,41.71,-83.7082,18909
Palestine,Texas,31.7544,-95.6471,18914
Hawthorne,New Jersey,40.9579,-74.1582,18941
Marinette,Wisconsin,45.087,-87.6305,18947
Bay City,Texas,28.9816,-95.9603,18953
Ennis,Texas,32.3255,-96.6369,18956
South Burlington,Vermont,44.4622,-73.2203,18971
Brigham City,Utah,41.5034,-112.0454,18975
Macomb,Illinois,40.472,-90.6816,18977
Shelton,Washington,47.2186,-123.1128,18981
Deerfield,Illinois,42.1655,-87.8515,19000
Morristown,New Jersey,40.7966,-74.4772,19016
Uvalde,Texas,29.2153,-99.7782,19026
Cornelia,Georgia,34.5164,-83.5308,19055
Breaux Bridge,Louisiana,30.2829,-91.9044,19072
Tiffin,Ohio,41.1167,-83.18,19090
Canby,Oregon,45.2653,-122.687,19092
Matteson,Illinois,41.5095,-87.7469,19097
Lexington,North Carolina,35.8017,-80.2682,19105
Bellwood,Illinois,41.8829,-87.8762,19107
Middleton,Wisconsin,43.1059,-89.5073,19109
Arlington,Washington,48.1698,-122.144,19112
Alsip,Illinois,41.6701,-87.7368,19158
Carlisle,Pennsylvania,40.1999,-77.2042,19162
Homewood,Illinois,41.5591,-87.661,19175
Fernley,Nevada,39.5612,-119.1925,19195
Broadview Heights,Ohio,41.3195,-81.6782,19197
Hurricane,Utah,37.1497,-113.3526,19202
Saco,Maine,43.539,-70.4624,19213
Alamo,Texas,26.1795,-98.1183,19220
Safford,Arizona,32.8318,-109.7006,19228
Laconia,New Hampshire,43.5727,-71.4777,19241
Mineola,New York,40.7469,-73.6392,19245
Altus,Oklahoma,34.6566,-99.3051,19246
Cullman,Alabama,34.1791,-86.8402,19252
Horizon City,Texas,31.6799,-106.1903,19266
McKeesport,Pennsylvania,40.3419,-79.8439,19273
Waukee,Iowa,41.6002,-93.8702,19284
Stillwater,Minnesota,45.0567,-92.8283,19292
Pinole,California,37.9931,-122.2834,19293
Sherwood,Oregon,45.3598,-122.843,19294
McAlester,Oklahoma,34.9262,-95.7698,19312
Sheridan,Wyoming,44.7949,-106.9611,19335
Central Falls,Rhode Island,41.89,-71.3933,19347
Mamaroneck,New York,40.9469,-73.7316,19356
Mount Airy,North Carolina,36.5084,-80.6156,19379
Monmouth,Oregon,44.8506,-123.2283,19387
Lake Forest,Illinois,42.238,-87.8596,19388
Howard,Wisconsin,44.5703,-88.0924,19410
Orange,Texas,30.1146,-93.7637,19418
Fairhope,Alabama,30.5235,-87.8827,19421
Suwanee,Georgia,34.0506,-84.0687,19421
Ozark,Missouri,37.0362,-93.2155,19429
Pinecrest,Florida,25.665,-80.3042,19444
Swansboro,North Carolina,34.6958,-77.1357,19459
Brainerd,Minnesota,46.3551,-94.1981,19459
Orinda,California,37.8808,-122.179,19470
Angleton,Texas,29.1689,-95.4288,19491
Bartow,Florida,27.8862,-81.8212,19499
Montgomery,Illinois,41.7237,-88.363,19523
Bethany,Oklahoma,35.5072,-97.6417,19543
Culpeper,Virginia,38.4705,-78.0002,19544
Front Royal,Virginia,38.926,-78.1837,19557
Lynbrook,New York,40.6579,-73.6742,19567
Danville,Kentucky,37.642,-84.7767,19567
Papillion,Nebraska,41.1531,-96.045,19597
Evergreen Park,Illinois,41.7213,-87.7013,19637
Tahlequah,Oklahoma,35.9116,-94.9773,19682
LaFollette,Tennessee,36.372,-84.1252,19684
Albany,California,37.8898,-122.3018,19688
Painesville,Ohio,41.724,-81.2536,19691
Durango,Colorado,37.2744,-107.8702,19703
Happy Valley,Oregon,45.4383,-122.5142,19704
Columbia Heights,Minnesota,45.0484,-93.2473,19723
Forest Park,Georgia,33.6209,-84.3592,19731
Baldwin,Pennsylvania,40.3691,-79.9668,19734
Snellville,Georgia,33.856,-84.0039,19738
West Saint Paul,Minnesota,44.9019,-93.0857,19746
Natchitoches,Louisiana,31.7317,-93.0978,19759
Hermosa Beach,California,33.8654,-118.3966,19789
Corning,New York,42.147,-77.0561,19798
Payson,Utah,40.0352,-111.7409,19810
Rockport,Texas,28.0351,-97.0663,19819
Secaucus,New Jersey,40.7809,-74.0662,19822
Sand Springs,Oklahoma,36.1345,-96.1285,19822
Glassboro,New Jersey,39.7014,-75.1119,19835
Norwood,Ohio,39.1604,-84.4534,19876
Dixon,California,38.4466,-121.825,19906
West Mifflin,Pennsylvania,40.3581,-79.9072,19921
West Chester,Pennsylvania,39.9601,-75.6058,19928
Lake Zurich,Illinois,42.1958,-88.0872,19967
Miamisburg,Ohio,39.6323,-84.2725,19968
Bryant,Arkansas,34.6144,-92.4903,20005
Germantown,Wisconsin,43.2343,-88.1217,20027
Tukwila,Washington,47.4749,-122.2727,20033
Oregon,Ohio,41.6556,-83.4326,20040
Murrysville,Pennsylvania,40.4456,-79.6555,20042
Pickerington,Ohio,39.8889,-82.768,20069
Dickinson,Texas,29.454,-95.0587,20074
Clemmons,North Carolina,36.0318,-80.3861,20079
Ottawa,Illinois,41.3528,-88.8319,20087
Mokena,Illinois,41.5324,-87.8779,20097
Ferndale,Michigan,42.4592,-83.1314,20099
Battle Ground,Washington,45.7763,-122.5415,20110
Parma Heights,Ohio,41.3865,-81.7637,20123
Abbeville,Louisiana,29.9751,-92.1265,20139
Brockport,New York,43.2136,-77.9405,20142
Liberal,Kansas,37.0466,-100.9291,20155
Shafter,California,35.478,-119.1992,20183
Willmar,Minnesota,45.1224,-95.0559,20189
The Dalles,Oregon,45.6049,-121.1819,20197
Stephenville,Texas,32.2148,-98.2205,20213
South Saint Paul,Minnesota,44.8874,-93.0408,20217
Clayton,North Carolina,35.6591,-78.4477,20260
Rocky River,Ohio,41.4703,-81.8526,20264
Sulphur,Louisiana,30.2304,-93.3556,20272
Elmwood Park,New Jersey,40.9048,-74.1201,20295
North Salt Lake,Utah,40.8439,-111.9188,20301
Mill Creek,Washington,47.8631,-122.2037,20303
Bonney Lake,Washington,47.1789,-122.1698,20310
Sequim,Washington,48.0747,-123.0948,20330
Kill Devil Hills,North Carolina,36.0167,-75.6699,20345
Ashland,Ohio,40.8671,-82.3163,20352
Vernal,Utah,40.4517,-109.5379,20356
Universal City,Texas,29.5521,-98.3074,20359
Escanaba,Michigan,45.7478,-87.0905,20370
DeBary,Florida,28.8815,-81.324,20394
Coralville,Iowa,41.699,-91.5968,20397
Libertyville,Illinois,42.287,-87.9671,20405
Gardner,Massachusetts,42.5845,-71.9868,20430
Murray,Kentucky,36.6146,-88.3204,20431
Valley,Alabama,32.8088,-85.1771,20441
La Canada Flintridge,California,34.2097,-118.2002,20447
American Canyon,California,38.1798,-122.2583,20452
Covington,Washington,47.3665,-122.105,20478
Atoka,Tennessee,35.4229,-89.7862,20478
Murphy,Texas,33.0186,-96.6105,20482
Pleasantville,New Jersey,39.3897,-74.5168,20492
Laurinburg,North Carolina,34.7597,-79.4781,20514
Henderson,North Carolina,36.3259,-78.4155,20584
Mountain Brook,Alabama,33.4871,-86.7401,20590
Norwalk,Ohio,41.2443,-82.6088,20593
Newton,Kansas,38.0348,-97.3519,20625
Shelbyville,Indiana,39.5319,-85.7753,20639
Lebanon,Ohio,39.4248,-84.2139,20651
Milford,Delaware,38.9095,-75.4232,20683
Rolla,Missouri,37.9457,-91.7609,20692
Lomita,California,33.7934,-118.3175,20693
Golden,Colorado,39.7406,-105.2122,20696
Sweetwater,Florida,25.7785,-80.3762,20701
Poplar Bluff,Missouri,36.7632,-90.4136,20714
Vincennes,Indiana,38.6759,-87.5102,20726
Pleasant Prairie,Wisconsin,42.5265,-87.8895,20734
Agoura Hills,California,34.151,-118.7608,20745
Palisades Park,New Jersey,40.847,-73.9965,20753
Eustis,Florida,28.8568,-81.6783,20768
Mustang,Oklahoma,35.3917,-97.7245,20792
Louisville,Colorado,39.9708,-105.1441,20801
Alexandria,Minnesota,45.8748,-95.3784,20814
Grayslake,Illinois,42.3403,-88.0342,20831
Logansport,Indiana,40.7502,-86.3559,20838
Raymore,Missouri,38.8029,-94.4583,20839
Ferguson,Missouri,38.749,-90.2949,20846
Lynn Haven,Florida,30.2362,-85.6389,20850
Barre,Vermont,44.1997,-72.5083,20857
Dublin,Georgia,32.5358,-82.9279,20872
Belton,Texas,31.0564,-97.4789,20873
New Hope,Minnesota,45.0375,-93.3869,20877
South El Monte,California,34.0493,-118.0484,20883
Duncan,Oklahoma,34.5425,-97.919,20895
Union City,Georgia,33.5939,-84.5629,20919
Sapulpa,Oklahoma,36.009,-96.0983,20928
Milwaukie,Oregon,45.4445,-122.622,20929
Easley,South Carolina,34.8191,-82.583,20953
Lexington,South Carolina,33.9881,-81.22,20988
Birmingham,Michigan,42.5447,-83.2167,21007
Lino Lakes,Minnesota,45.1679,-93.083,21018
Ypsilanti,Michigan,42.2437,-83.6207,21018
Ashland,Kentucky,38.4593,-82.6449,21038
South Milwaukee,Wisconsin,42.9119,-87.8624,21052
Corinth,Texas,33.1434,-97.0681,21078
Havelock,North Carolina,34.9078,-76.8985,21083
Shelbyville,Tennessee,35.4991,-86.4518,21083
Charleston,Illinois,39.4845,-88.1779,21105
Gardner,Kansas,38.8163,-94.9297,21110
Johnston,Iowa,41.6856,-93.7173,21114
Oxford,Alabama,33.5963,-85.8718,21120
East Moline,Illinois,41.5198,-90.3878,21135
Siloam Springs,Arkansas,36.1838,-94.5319,21136
Bardstown,Kentucky,37.8175,-85.455,21143
Lebanon,Oregon,44.5314,-122.9075,21165
Elko,Nevada,40.8383,-115.7677,21168
Crest Hill,Illinois,41.5722,-88.1125,21169
Alice,Texas,27.7556,-98.0653,21172
Mountlake Terrace,Washington,47.7921,-122.3077,21182
Oneida,New York,43.0769,-75.6621,21184
Nixa,Missouri,37.0456,-93.2962,21201
Greenwood,Mississippi,33.5126,-90.1993,21218
Carrboro,North Carolina,35.926,-79.0878,21265
Sidney,Ohio,40.2892,-84.1666,21267
West Melbourne,Florida,28.0698,-80.6737,21293
East Ridge,Tennessee,34.9973,-85.2284,21302
Olean,New York,42.0819,-78.4321,21307
Dyersburg,Tennessee,36.0459,-89.3782,21313
Johnstown,Colorado,40.3491,-104.949,21313
Simpsonville,South Carolina,34.7295,-82.2569,21314
Arnold,Missouri,38.4294,-90.3725,21319
Amsterdam,New York,42.9419,-74.1906,21351
Biddeford,Maine,43.4674,-70.4512,21362
Golden Valley,Minnesota,44.99,-93.3591,21376
Arvin,California,35.1944,-118.8306,21380
Fort Atkinson,Wisconsin,42.9253,-88.8443,21399
Trussville,Alabama,33.6389,-86.5832,21422
Mukilteo,Washington,47.9096,-122.3035,21462
Piqua,Ohio,40.1503,-84.2437,21498
Mukwonago,Wisconsin,42.8569,-88.3273,21532
Perrysburg,Ohio,41.5376,-83.6412,21592
Ardmore,Oklahoma,34.1944,-97.1251,21597
Evans,Colorado,40.3661,-104.7389,21615
Roselle,New Jersey,40.6527,-74.2599,21625
Ashland,Oregon,42.1905,-122.6992,21639
Owosso,Michigan,42.9956,-84.1763,21653
South Euclid,Ohio,41.5239,-81.5245,21658
Mount Vernon,Ohio,40.3854,-82.4732,21670
Clinton,Utah,41.1395,-112.0656,21672
Marina,California,36.6812,-121.7894,21688
Gaffney,South Carolina,35.0742,-81.6558,21692
Greenfield,Indiana,39.7937,-85.7739,21709
Hays,Kansas,38.8806,-99.3214,21713
LaPorte,Indiana,41.6077,-86.7137,21732
Marietta,Ohio,39.424,-81.4465,21735
Hamtramck,Michigan,42.3954,-83.056,21752
Mandan,North Dakota,46.8267,-100.8846,21769
Park Forest,Illinois,41.4817,-87.6867,21785
Selma,Alabama,32.4166,-87.0336,21786
Watertown,South Dakota,44.9096,-97.1539,21788
Duarte,California,34.1609,-117.9505,21801
Prairie Village,Kansas,38.9873,-94.6362,21805
Jenks,Oklahoma,35.998,-95.9737,21812
South Holland,Illinois,41.5977,-87.6022,21817
Jacksonville,Illinois,39.7291,-90.232,21832
Naples,Florida,26.1504,-81.7936,21845
Lewistown,Pennsylvania,40.5964,-77.573,21854
Augusta,Maine,44.3341,-69.7319,21876
Geneva,Illinois,41.8831,-88.3236,21880
Villa Park,Illinois,41.8864,-87.9779,21882
Waynesboro,Virginia,38.0673,-78.9012,21887
Clarksville,Indiana,38.3225,-85.7674,21920
New Castle,Indiana,39.919,-85.3697,21949
Del City,Oklahoma,35.4483,-97.4408,21950
Fort Walton Beach,Florida,30.4244,-86.6192,21971
Northfield,Minnesota,44.4553,-93.1697,22005
Marshall,Texas,32.537,-94.3515,22014
Summit,New Jersey,40.7154,-74.3648,22019
North Plainfield,New Jersey,40.621,-74.4385,22073
Lathrop,California,37.8162,-121.3126,22073
Bloomingdale,Illinois,41.9497,-88.0892,22075
Edgewater,Florida,28.9619,-80.9414,22077
Darien,Illinois,41.7447,-87.9823,22085
Sunny Isles Beach,Florida,25.9385,-80.1245,22086
Christiansburg,Virginia,37.1411,-80.4028,22088
Patterson,California,37.4734,-121.144,22169
Prichard,Alabama,30.7735,-88.1301,22185
Sugar Hill,Georgia,34.1082,-84.0558,22197
Warrensburg,Missouri,38.7617,-93.7284,22227
Hudson,Ohio,41.2399,-81.4408,22251
Auburn,Indiana,41.3666,-85.0559,22257
Port Hueneme,California,34.1617,-119.2036,22277
Farragut,Tennessee,35.8731,-84.1821,22282
Oxford,Ohio,39.5058,-84.744,22344
Kenmore,Washington,47.7531,-122.246,22357
Acworth,Georgia,34.0564,-84.6688,22418
South Elgin,Illinois,41.9907,-88.3133,22433
Camas,Washington,45.6006,-122.4301,22449
Venice,Florida,27.1165,-82.4135,22465
Maple Heights,Ohio,41.4094,-81.5625,22478
Radcliff,Kentucky,37.8193,-85.9358,22490
New Brighton,Minnesota,45.0658,-93.2061,22496
Keene,New Hampshire,42.9496,-72.2997,22507
Saginaw,Texas,32.8649,-97.3649,22526
Tumwater,Washington,46.9925,-122.9227,22538
Garden City,New York,40.7266,-73.6447,22545
Brownwood,Texas,31.7124,-98.9765,22551
Braidwood,Illinois,41.2696,-88.2233,22563
Oakdale,California,37.762,-120.8463,22564
Farmington,Minnesota,44.6573,-93.1689,22656
Millbrae,California,37.5994,-122.4024,22661
Converse,Texas,29.513,-98.3079,22702
Dickinson,North Dakota,46.8907,-102.7891,22733
Hopewell,Virginia,37.2914,-77.2985,22735
Highland,Indiana,41.5484,-87.4587,22737
Fremont,Ohio,41.353,-83.1143,22737
Hastings,Minnesota,44.7318,-92.8537,22761
Conway,South Carolina,33.8406,-79.0418,22761
Willoughby,Ohio,41.646,-81.4084,22769
Windsor,Colorado,40.4666,-104.9213,22776
Shelbyville,Kentucky,38.2059,-85.2306,22779
Auburn Hills,Michigan,42.6734,-83.2447,22795
Erie,Colorado,40.0384,-105.0409,22803
Corsicana,Texas,32.0823,-96.4676,22805
Avon,Ohio,41.4485,-82.0187,22805
Decatur,Georgia,33.7711,-84.2968,22813
Roselle,Illinois,41.9807,-88.0862,22814
Munster,Indiana,41.5468,-87.5037,22825
Columbus,Nebraska,41.436,-97.3559,22846
Ellensburg,Washington,47.001,-120.5491,22847
Machesney Park,Illinois,42.3666,-89.0266,22873
Dolton,Illinois,41.6284,-87.5979,22891
Seymour,Indiana,38.9474,-85.8914,22918
Montrose,Colorado,38.4689,-107.8591,22919
Griffin,Georgia,33.2418,-84.2747,22928
Lisle,Illinois,41.7925,-88.0881,22930
North Augusta,South Carolina,33.5211,-81.9545,22932
Elizabeth City,North Carolina,36.2946,-76.2357,22934
East Peoria,Illinois,40.6738,-89.5422,22939
Benbrook,Texas,32.6767,-97.4629,22948
Auburn,Maine,44.085,-70.2492,22948
Webster Groves,Missouri,38.5866,-90.3544,22970
Solon,Ohio,41.3864,-81.4401,23003
Harriman,Tennessee,35.9306,-84.5603,23026
Crystal,Minnesota,45.0377,-93.3598,23028
Pelham,Alabama,33.3117,-86.7569,23050
Pittsburg,Kansas,37.4141,-94.6983,23069
Kiryas Joel,New York,41.3398,-74.1667,23094
Meadville,Pennsylvania,41.6476,-80.1468,23131
Wadsworth,Ohio,41.0287,-81.7324,23136
Farmington,Utah,40.9846,-111.9065,23140
Laguna Beach,California,33.5449,-117.7613,23190
Half Moon Bay,California,37.4687,-122.4383,23223
Morton Grove,Illinois,42.0423,-87.789,23227
Lincolnton,North Carolina,35.4746,-81.2385,23264
Corcoran,California,36.0847,-119.5612,23266
Forest Lake,Minnesota,45.2536,-92.9583,23270
Romulus,Michigan,42.2237,-83.366,23281
Belton,Missouri,38.8191,-94.5334,23290
Watertown,Wisconsin,43.1893,-88.7285,23304
Mount Pocono,Pennsylvania,41.1225,-75.3582,23308
Van Buren,Arkansas,35.4479,-94.3525,23367
Jacksonville Beach,Florida,30.2782,-81.4045,23387
Blue Island,Illinois,41.6578,-87.6812,23401
Loves Park,Illinois,42.3365,-88.9976,23413
Hanahan,South Carolina,32.9303,-80.0031,23439
Haines City,Florida,28.1098,-81.6158,23454
Roanoke Rapids,North Carolina,36.4453,-77.6491,23546
Derby,Kansas,37.5567,-97.2553,23633
Denison,Texas,33.757,-96.5661,23654
Avon Lake,Ohio,41.4945,-82.016,23659
Marysville,Ohio,40.2276,-83.3594,23674
Midlothian,Texas,32.4716,-96.9879,23689
Palatka,Florida,29.6488,-81.6618,23740
Pooler,Georgia,32.1023,-81.2539,23744
Maywood,Illinois,41.8798,-87.8442,23756
Charles Town,West Virginia,39.2746,-77.8632,23759
Wilsonville,Oregon,45.3107,-122.7706,23768
Centerville,Ohio,39.6339,-84.1448,23817
Port Angeles,Washington,48.1141,-123.4565,23818
Brandon,Mississippi,32.2778,-89.9896,23826
Hutto,Texas,30.5375,-97.5515,23832
Hialeah Gardens,Florida,25.888,-80.3573,23837
Greenbelt,Maryland,38.9953,-76.8885,23909
Rosemount,Minnesota,44.7466,-93.0662,23911
Greeneville,Tennessee,36.168,-82.8197,23953
Dinuba,California,36.5453,-119.3989,23961
McDonough,Georgia,33.4399,-84.1507,23964
Burlington,Wisconsin,42.6748,-88.2724,23990
Carteret,New Jersey,40.5849,-74.2285,23992
Hudson,Wisconsin,44.964,-92.7317,24001
Faribault,Minnesota,44.2986,-93.2787,24012
Rolling Meadows,Illinois,42.0747,-88.0252,24021
Zion,Illinois,42.4599,-87.8511,24029
Palm Springs,Florida,26.6372,-80.0961,24051
Peekskill,New York,41.2883,-73.9227,24053
Forest Grove,Oregon,45.5244,-123.11,24058
Kernersville,North Carolina,36.1065,-80.0848,24066
Mequon,Wisconsin,43.2352,-87.9838,24086
Cudahy,California,33.9631,-118.183,24098
Loma Linda,California,34.0448,-117.2504,24129
Rockingham,North Carolina,34.9389,-79.7606,24135
Fairfax,Virginia,38.8531,-77.2998,24164
Gallup,New Mexico,35.5178,-108.7473,24172
Calabasas,California,34.1375,-118.6689,24176
Ilion,New York,43.0114,-75.0396,24177
South Plainfield,New Jersey,40.5746,-74.4151,24221
Champlin,Minnesota,45.1703,-93.3904,24231
Ottumwa,Iowa,41.0196,-92.4186,24238
Dunkirk,New York,42.4803,-79.3323,24248
Plainview,Texas,34.1908,-101.7234,24257
Trotwood,Ohio,39.7927,-84.3165,24331
Norton Shores,Michigan,43.1621,-86.2519,24340
Chesapeake Beach,Maryland,38.6881,-76.5447,24355
Brookings,South Dakota,44.3027,-96.7856,24357
Fort Dodge,Iowa,42.5098,-94.1751,24359
Elk River,Minnesota,45.3313,-93.567,24364
Riverbank,California,37.7269,-120.9406,24389
Herndon,Virginia,38.9699,-77.3867,24393
Hastings,Nebraska,40.5962,-98.3926,24393
Bainbridge Island,Washington,47.6439,-122.5434,24404
Seal Beach,California,33.7542,-118.0714,24440
Inkster,Michigan,42.2935,-83.3148,24462
Tifton,Georgia,31.4624,-83.5205,24463
San Benito,Texas,26.1298,-97.644,24476
Homer Glen,Illinois,41.6043,-87.9495,24481
Fountain Hills,Arizona,33.6072,-111.7398,24482
Ridgeland,Mississippi,32.4225,-90.1456,24483
Madisonville,Kentucky,37.341,-87.5033,24565
Palmetto Bay,Florida,25.622,-80.3222,24570
Rockville Centre,New York,40.6643,-73.6383,24571
North Platte,Nebraska,41.1266,-100.764,24578
Branson,Missouri,36.6504,-93.2636,24603
Elmwood Park,Illinois,41.9225,-87.8163,24626
Watauga,Texas,32.8718,-97.2515,24629
South Salt Lake,Utah,40.7056,-111.8987,24630
Collinsville,Illinois,38.6768,-90.0053,24635
Thomasville,Georgia,30.8394,-83.9782,24678
San Fernando,California,34.2886,-118.4363,24717
Freeport,Illinois,42.2895,-89.6354,24717
Emporia,Kansas,38.4022,-96.1924,24730
Morrisville,North Carolina,35.8359,-78.8349,24732
Waycross,Georgia,31.211,-82.3578,24741
Greenville,Texas,33.1115,-96.1094,24753
Westmont,Illinois,41.7948,-87.9742,24767
Sebastian,Florida,27.7882,-80.4813,24772
Walker,Michigan,42.9857,-85.7443,24775
Lodi,New Jersey,40.8784,-74.0815,24778
Ontario,Oregon,44.0259,-116.976,24778
Newport,Rhode Island,41.4803,-71.3205,24779
Eagle,Idaho,43.7231,-116.3856,24785
Cliffside Park,New Jersey,40.8221,-73.9878,24856
Tarpon Springs,Florida,28.1492,-82.7622,24867
Franklin,Indiana,39.4935,-86.0541,24867
Muskego,Wisconsin,42.8859,-88.1291,24882
Sevierville,Tennessee,35.8868,-83.5674,24882
De Pere,Wisconsin,44.4312,-88.0795,24893
Yucca Valley,California,34.1231,-116.4215,24899
University Park,Texas,32.8506,-96.7937,24905
Caledonia,Wisconsin,42.7987,-87.8763,24910
Harvey,Illinois,41.6076,-87.6521,24947
Wyandotte,Michigan,42.2114,-83.1558,24955
Riverside,Ohio,39.7836,-84.122,24981
Balch Springs,Texas,32.7194,-96.615,25017
Sachse,Texas,32.9727,-96.5792,25039
Boone,North Carolina,36.2109,-81.6673,25039
Northport,Alabama,33.2584,-87.5981,25045
Belvidere,Illinois,42.2545,-88.8647,25070
Edwardsville,Illinois,38.7925,-89.9884,25071
Austin,Minnesota,43.672,-92.9744,25105
Mercer Island,Washington,47.5624,-122.2265,25134
Ponca City,Oklahoma,36.7235,-97.0679,25164
Grandview,Missouri,38.8802,-94.5227,25190
Clinton,Mississippi,32.354,-90.3403,25211
Melrose Park,Illinois,41.9029,-87.8642,25229
Lockport,Illinois,41.5897,-88.029,25231
West Memphis,Arkansas,35.1531,-90.1995,25284
Bixby,Oklahoma,35.9454,-95.8773,25333
Washington,Utah,37.1325,-113.4894,25339
Ossining,New York,41.1609,-73.8712,25360
Hercules,California,38.0064,-122.2564,25360
Opelousas,Louisiana,30.5279,-92.0851,25390
El Cerrito,California,37.9197,-122.3025,25400
Brownsburg,Indiana,39.833,-86.3828,25408
Hazelwood,Missouri,38.7932,-90.3901,25443
Snoqualmie,Washington,47.5292,-121.8409,25455
Chanhassen,Minnesota,44.8544,-93.5621,25469
Juneau,Alaska,58.4566,-134.1776,25473
Ridgewood,New Jersey,40.9822,-74.1126,25533
Salem,Virginia,37.2864,-80.0554,25549
Owatonna,Minnesota,44.0915,-93.2308,25567
South Portland,Maine,43.631,-70.2895,25577
Homewood,Alabama,33.4617,-86.8092,25613
Woodstock,Illinois,42.3103,-88.4357,25628
White Bear Lake,Minnesota,45.0654,-93.0149,25634
Green,Ohio,40.9483,-81.4757,25673
Scottsbluff,Nebraska,41.8676,-103.6618,25678
Lancaster,South Carolina,34.7247,-80.7801,25691
Okeechobee,Florida,27.2412,-80.8298,25692
Maple Valley,Washington,47.3664,-122.037,25698
Moscow,Idaho,46.7306,-116.9989,25758
Troy,Ohio,40.0431,-84.2193,25770
Lemoore,California,36.296,-119.7983,25785
New Smyrna Beach,Florida,29.0246,-80.9637,25796
Cabot,Arkansas,34.9765,-92.0268,25797
Forest City,North Carolina,35.3339,-81.8702,25817
Claremore,Oklahoma,36.3143,-95.6101,25826
Soledad,California,36.4434,-121.3432,25827
Laurel,Maryland,39.0955,-76.8629,25853
Prior Lake,Minnesota,44.725,-93.441,25863
Fuquay-Varina,North Carolina,35.5956,-78.7801,25865
Kingsville,Texas,27.5095,-97.861,25870
South Pasadena,California,34.1103,-118.1573,25913
Neenah,Wisconsin,44.1672,-88.4762,25914
Coronado,California,32.664,-117.16,25952
Marquette,Michigan,46.544,-87.4082,25955
Winchester,Kentucky,38.0014,-84.1908,25961
Chaska,Minnesota,44.8166,-93.6092,26016
Madison,Mississippi,32.4738,-90.13,26031
Lafayette,California,37.8919,-122.1188,26103
Barberton,Ohio,41.0095,-81.6038,26120
Lake City,Florida,30.1892,-82.647,26128
Colleyville,Texas,32.8913,-97.1486,26152
Alvin,Texas,29.382,-95.2924,26164
Paris,Texas,33.6685,-95.5445,26175
Espanola,New Mexico,36.004,-106.0677,26195
Ramsey,Minnesota,45.2618,-93.4494,26206
New Lenox,Illinois,41.5089,-87.9697,26217
Brawley,California,32.9787,-115.53,26231
Mint Hill,North Carolina,35.1781,-80.6538,26236
Xenia,Ohio,39.6827,-83.9414,26238
Medina,Ohio,41.1358,-81.8694,26261
Sedalia,Missouri,38.7043,-93.2349,26302
Vernon Hills,Illinois,42.2342,-87.9608,26328
Wasco,California,35.5938,-119.3673,26337
Canton,Georgia,34.2468,-84.4902,26340
Yukon,Oklahoma,35.5203,-97.7636,26340
Mount Pleasant,Wisconsin,42.7129,-87.8875,26360
Batavia,Illinois,41.849,-88.3089,26391
Lebanon,New Hampshire,43.6353,-72.2531,26396
Laurel,Mississippi,31.6956,-89.1448,26433
Superior,Wisconsin,46.694,-92.0823,26475
Muscatine,Iowa,41.4195,-91.068,26481
Pearl,Mississippi,32.273,-90.0918,26485
Mason City,Iowa,43.1487,-93.1998,26487
Statesville,North Carolina,35.784,-80.8713,26506
Bessemer,Alabama,33.3709,-86.9713,26511
Temple Terrace,Florida,28.044,-82.378,26515
Shoreview,Minnesota,45.0842,-93.1358,26548
Waynesboro,Pennsylvania,39.7525,-77.5822,26593
Huntley,Illinois,42.16,-88.433,26611
McHenry,Illinois,42.3388,-88.2932,26611
Paragould,Arkansas,36.0561,-90.5149,26617
Marshalltown,Iowa,42.0341,-92.9067,26640
Norco,California,33.9253,-117.55,26714
Garden City,Michigan,42.3244,-83.3412,26719
Zionsville,Indiana,39.999,-86.2921,26784
Waterville,Maine,44.544,-69.6626,26806
Seneca,South Carolina,34.6815,-82.9609,26857
West Linn,Oregon,45.3669,-122.6399,26859
Lemon Grove,California,32.7331,-117.0344,26860
Monticello,Minnesota,45.2977,-93.7979,26875
Paramus,New Jersey,40.9455,-74.0712,26880
Saratoga Springs,Utah,40.3421,-111.9134,26887
Cortland,New York,42.6004,-76.1784,26907
Norfolk,Nebraska,42.0349,-97.4209,26921
East Saint Louis,Illinois,38.6156,-90.1305,26922
Saint Helens,Oregon,45.8572,-122.8163,26929
Natchez,Mississippi,31.5437,-91.3869,26977
Easton,Pennsylvania,40.6858,-75.2209,26978
New London,Connecticut,41.3502,-72.1023,26984
Galt,California,38.2671,-121.3034,27003
Lewes,Delaware,38.7784,-75.1455,27008
Independence,Kentucky,38.9512,-84.5492,27024
Thomasville,North Carolina,35.8813,-80.0807,27030
Horn Lake,Mississippi,34.9512,-90.0501,27042
Casselberry,Florida,28.6621,-81.3217,27053
Rockledge,Florida,28.3199,-80.7318,27068
Lindenhurst,New York,40.6858,-73.371,27074
Belmont,California,37.5154,-122.2955,27081
Gladstone,Missouri,39.2134,-94.5593,27114
Maryland Heights,Missouri,38.7188,-90.4749,27137
Williston,North Dakota,48.1834,-103.633,27164
Rock Springs,Wyoming,41.595,-109.2237,27173
Allen Park,Michigan,42.2597,-83.2107,27214
Wilmette,Illinois,42.077,-87.7282,27219
West Chicago,Illinois,41.8958,-88.2252,27221
Belle Glade,Florida,26.6865,-80.6674,27236
Shelby,North Carolina,35.289,-81.5416,27288
Firestone,Colorado,40.1505,-104.9479,27332
Glen Cove,New York,40.8709,-73.6287,27341
Jeffersontown,Kentucky,38.2054,-85.5702,27352
Fernandina Beach,Florida,30.6589,-81.4499,27371
Plum,Pennsylvania,40.5024,-79.7496,27399
Sanger,California,36.6993,-119.5575,27413
Seguin,Texas,29.5892,-97.9656,27415
Imperial Beach,California,32.5687,-117.1184,27418
Dodge City,Kansas,37.7609,-100.0182,27429
Shaker Heights,Ohio,41.4744,-81.5496,27448
Fridley,Minnesota,45.0842,-93.2596,27476
Tualatin,Oregon,45.3771,-122.7743,27545
Windsor,California,38.5417,-122.8086,27555
Fremont,Nebraska,41.4418,-96.4887,27598
Canon City,Colorado,38.443,-105.2201,27600
Kirkwood,Missouri,38.5789,-90.4203,27609
Maywood,California,33.9885,-118.1877,27633
Searcy,Arkansas,35.2419,-91.7351,27637
Bergenfield,New Jersey,40.9233,-73.9982,27647
Oak Forest,Illinois,41.6055,-87.7527,27792
Sonora,California,37.9819,-120.3828,27799
Cibolo,Texas,29.5689,-98.2149,27855
Gloversville,New York,43.0491,-74.3466,27872
Vicksburg,Mississippi,32.3173,-90.8868,27887
Garfield Heights,Ohio,41.4199,-81.6038,27905
Melrose,Massachusetts,42.4556,-71.059,27928
Monroeville,Pennsylvania,40.4262,-79.7605,27953
Sterling,Illinois,41.7997,-89.6952,27961
Glen Ellyn,Illinois,41.8669,-88.063,28042
Millville,New Jersey,39.3903,-75.0561,28059
Kinston,North Carolina,35.2748,-77.5937,28072
Oakdale,Minnesota,44.9875,-92.9641,28073
Lansing,Illinois,41.5646,-87.5459,28086
Ashtabula,Ohio,41.8805,-80.7984,28097
Benicia,California,38.0704,-122.1542,28174
Newburgh,New York,41.5037,-74.0205,28200
Hobart,Indiana,41.5139,-87.2728,28248
Aberdeen,South Dakota,45.4647,-98.4678,28291
Chamblee,Georgia,33.8842,-84.3008,28306
Harrison,New York,41.0233,-73.7192,28340
Ruston,Louisiana,32.5329,-92.6364,28371
Wisconsin Rapids,Wisconsin,44.393,-89.8262,28406
Bella Vista,Arkansas,36.4667,-94.2708,28406
Syracuse,Utah,41.0871,-112.0698,28407
East Chicago,Indiana,41.6487,-87.4531,28418
Monterey,California,36.5922,-121.8807,28454
Englewood,New Jersey,40.8917,-73.9735,28455
Northampton,Massachusetts,42.3266,-72.6745,28483
Cornelius,North Carolina,35.4733,-80.8833,28515
Newberg,Oregon,45.3071,-122.9598,28516
Jacksonville,Arkansas,34.8805,-92.1303,28518
Central,Louisiana,30.5593,-91.0369,28529
Sunbury,Pennsylvania,40.8615,-76.7875,28544
Burton,Michigan,42.9974,-83.6175,28648
Stockbridge,Georgia,33.5265,-84.2293,28677
Schererville,Indiana,41.487,-87.4444,28701
Maryville,Tennessee,35.7469,-83.9788,28703
Hermiston,Oregon,45.8329,-119.2859,28704
Fountain,Colorado,38.6863,-104.6744,28753
American Fork,Utah,40.3815,-111.7935,28770
Garner,North Carolina,35.6949,-78.6212,28776
Indiana,Pennsylvania,40.622,-79.1552,28820
Lake in the Hills,Illinois,42.1913,-88.3478,28830
Henderson,Kentucky,37.8402,-87.5786,28841
Aberdeen,Washington,46.9768,-123.8083,28863
SeaTac,Washington,47.4444,-122.2985,28873
Fitchburg,Wisconsin,42.9859,-89.4255,28875
Burbank,Illinois,41.7444,-87.7686,28886
Granite City,Illinois,38.7296,-90.1263,28908
Athens,Alabama,34.7846,-86.9516,28938
Greer,South Carolina,34.9352,-82.2336,29000
O'Fallon,Illinois,38.597,-89.9154,29031
Shamokin,Pennsylvania,40.7883,-76.555,29054
Southgate,Michigan,42.2047,-83.2058,29085
Burlington,Iowa,40.8072,-91.1249,29124
Plattsburgh,New York,44.6951,-73.4563,29130
Sanford,Maine,43.4244,-70.7573,29139
Crown Point,Indiana,41.414,-87.3455,29176
Eagle Mountain,Utah,40.3137,-112.0114,29202
Raytown,Missouri,38.9944,-94.4641,29261
Big Spring,Texas,32.2387,-101.4802,29267
Atwater,California,37.3543,-120.5981,29270
Duluth,Georgia,34.0054,-84.1493,29331
Oak Ridge,Tennessee,35.9639,-84.2938,29350
Ukiah,California,39.1461,-123.2101,29352
Geneva,New York,42.8644,-76.9827,29371
Rahway,New Jersey,40.6078,-74.2808,29451
Suisun,California,38.2471,-122.0086,29505
Port Chester,New York,41.0052,-73.668,29524
South Lake Tahoe,California,38.9393,-119.9828,29535
Niles,Illinois,42.0278,-87.8099,29617
Highland Park,Illinois,42.1825,-87.8105,29641
Oak Park,Michigan,42.465,-83.1823,29645
Lumberton,North Carolina,34.6309,-79.0181,29681
East Palo Alto,California,37.4671,-122.1347,29684
Rexburg,Idaho,43.8221,-111.7926,29738
Harker Heights,Texas,31.0578,-97.6443,29757
San Carlos,California,37.4982,-122.268,29797
Gloucester,Massachusetts,42.626,-70.6896,29798
Somerset,Kentucky,37.0815,-84.6089,29799
Opelika,Alabama,32.6621,-85.3773,29869
North Chicago,Illinois,42.3172,-87.8596,29951
Chicago Heights,Illinois,41.5101,-87.6347,30026
Garden City,Kansas,37.9765,-100.8579,30040
Walnut,California,34.0334,-117.8593,30047
Nicholasville,Kentucky,37.8914,-84.5665,30052
Morgan City,Louisiana,29.7041,-91.1919,30061
Kent,Ohio,41.1491,-81.361,30071
Athens,Ohio,39.3269,-82.0988,30077
Madison Heights,Michigan,42.5073,-83.1034,30088
Milton,Pennsylvania,41.0089,-76.8506,30198
Westfield,New Jersey,40.6517,-74.3434,30206
Winter Park,Florida,28.5986,-81.3436,30208
Winona,Minnesota,44.051,-91.6691,30208
Kerrville,Texas,30.0398,-99.1317,30210
North Royalton,Ohio,41.3138,-81.7451,30247
Texarkana,Arkansas,33.4365,-93.9961,30283
East Liverpool,Ohio,40.6333,-80.5677,30292
Burlingame,California,37.586,-122.367,30301
Ballwin,Missouri,38.5949,-90.5501,30313
Atascadero,California,35.4827,-120.6858,30330
Rochester,New Hampshire,43.2991,-70.9791,30345
San Luis,Arizona,32.4922,-114.7105,30366
Smithfield,North Carolina,35.5139,-78.3496,30375
New Iberia,Louisiana,30.0049,-91.8203,30386
Barstow,California,34.8655,-117.0464,30503
Placerville,California,38.7309,-120.7979,30531
San Pablo,California,37.9629,-122.3425,30536
Los Gatos,California,37.2307,-121.9564,30545
Los Altos,California,37.3685,-122.0965,30561
Butte,Montana,45.902,-112.6571,30584
North Tonawanda,New York,43.0457,-78.8659,30607
Liberty,Missouri,39.2393,-94.4191,30614
Sherwood,Arkansas,34.8509,-92.2029,30657
Long Branch,New Jersey,40.2965,-73.9915,30763
Saratoga,California,37.2685,-122.0254,30767
Santa Paula,California,34.3521,-119.0698,30770
Nogales,Arizona,31.3624,-110.9336,30771
Lawrenceville,Georgia,33.9524,-83.993,30782
Peru,Illinois,41.348,-89.1352,30795
Savage,Minnesota,44.7545,-93.3632,30807
Holladay,Utah,40.6599,-111.8226,30831
Goleta,California,34.436,-119.8597,30850
Clearfield,Utah,41.103,-112.0237,30855
Brooklyn Center,Minnesota,45.0681,-93.3162,30870
Miami Lakes,Florida,25.9125,-80.3214,30873
Woodstock,Georgia,34.1027,-84.5092,30929
Clinton,Iowa,41.8434,-90.2408,30930
Aiken,South Carolina,33.5303,-81.7271,30937
Algonquin,Illinois,42.1629,-88.3158,30947
Gurnee,Illinois,42.3707,-87.9391,30957
Redmond,Oregon,44.2632,-121.1798,30967
Southlake,Texas,32.9545,-97.1503,30991
Banning,California,33.946,-116.8992,31026
Des Moines,Washington,47.3914,-122.3154,31172
Kaysville,Utah,41.029,-111.9455,31243
Princeton,New Jersey,40.3563,-74.6694,31249
Auburn,New York,42.9338,-76.5684,31263
Wheat Ridge,Colorado,39.7728,-105.103,31372
Naugatuck,Connecticut,41.489,-73.0518,31392
Plainfield,Indiana,39.7005,-86.3726,31409
Dania Beach,Florida,26.0594,-80.1641,31422
Mundelein,Illinois,42.2692,-88.0102,31475
Wooster,Ohio,40.8166,-81.9337,31483
Matthews,North Carolina,35.1196,-80.7101,31495
Parkland,Florida,26.319,-80.2489,31507
Laguna Hills,California,33.592,-117.6992,31509
DeLand,Florida,29.0225,-81.2872,31569
Orangeburg,South Carolina,33.4928,-80.8671,31666
Lake Stevens,Washington,48.0028,-122.0964,31679
Oxford,Mississippi,34.3613,-89.5289,31728
North Olmsted,Ohio,41.415,-81.919,31817
Milledgeville,Georgia,33.0874,-83.2414,31856
Post Falls,Idaho,47.7202,-116.9396,31865
Garfield,New Jersey,40.8791,-74.1083,31876
Foley,Alabama,30.3994,-87.6645,31880
Petersburg,Virginia,37.2042,-77.3914,31882
Bethel Park,Pennsylvania,40.3239,-80.0364,31911
Alliance,Ohio,40.9107,-81.1189,31917
Chillicothe,Ohio,39.3393,-82.9937,32004
Coos Bay,Oregon,43.3789,-124.233,32024
Greenville,Mississippi,33.385,-91.0514,32089
Rome,New York,43.2259,-75.491,32128
Estero,Florida,26.4275,-81.7952,32140
Massillon,Ohio,40.784,-81.5256,32258
College Park,Maryland,38.9964,-76.9337,32275
Westlake,Ohio,41.4524,-81.9295,32293
Bowling Green,Ohio,41.3772,-83.65,32335
Ridgecrest,California,35.631,-117.6619,32377
Columbus,Mississippi,33.5086,-88.4134,32386
La Verne,California,34.1208,-117.7702,32389
Starkville,Mississippi,33.4608,-88.8297,32441
Florence,Kentucky,38.9893,-84.6469,32460
Andover,Minnesota,45.2571,-93.3264,32461
Middletown,Delaware,39.4451,-75.7165,32540
Spring Valley,New York,41.115,-74.0486,32603
Warsaw,Indiana,41.2443,-85.8479,32622
Eastpointe,Michigan,42.4657,-82.946,32673
Saint Charles,Illinois,41.9192,-88.3111,32717
Hopkinsville,Kentucky,36.8388,-87.4789,32733
Alamogordo,New Mexico,32.8834,-105.9627,32782
Copperas Cove,Texas,31.118,-97.9135,32808
Sun Prairie,Wisconsin,43.1829,-89.2353,32820
Elk Grove Village,Illinois,42.0061,-87.9929,32931
Alabaster,Alabama,33.2197,-86.8233,32948
North Ridgeville,Ohio,41.3851,-82.0194,32983
Carlsbad,New Mexico,32.4064,-104.2385,33008
Goshen,Indiana,41.5741,-85.8304,33034
Midvale,Utah,40.6148,-111.8928,33035
Mason,Ohio,39.3563,-84.3034,33037
Pekin,Illinois,40.5677,-89.6264,33038
Springville,Utah,40.1638,-111.6206,33044
Lebanon,Tennessee,36.2038,-86.3467,33068
Calhoun,Georgia,34.4925,-84.9394,33092
Valparaiso,Indiana,41.4796,-87.0528,33104
Lawndale,California,33.8884,-118.3531,33145
Tooele,Utah,40.5394,-112.3082,33178
Pullman,Washington,46.7327,-117.1634,33204
Douglasville,Georgia,33.7382,-84.7071,33252
Holly Springs,North Carolina,35.6544,-78.8392,33260
Mount Juliet,Tennessee,36.2004,-86.5122,33263
Fairmont,West Virginia,39.4768,-80.149,33265
Socorro,Texas,31.6385,-106.26,33277
University Place,Washington,47.2146,-122.5461,33288
Adelanto,California,34.5868,-117.4411,33391
Newark,Delaware,39.6777,-75.7573,33398
Northbrook,Illinois,42.1292,-87.8352,33421
Fair Lawn,New Jersey,40.9358,-74.1177,33453
Woodridge,Illinois,41.7372,-88.041,33476
Clermont,Florida,28.5403,-81.7296,33549
Laramie,Wyoming,41.3095,-105.6097,33587
Kennesaw,Georgia,34.0261,-84.6177,33627
Long Beach,New York,40.5887,-73.666,33717
Arcata,California,40.862,-124.0754,33757
Fairborn,Ohio,39.8031,-84.0141,33780
Deer Park,Texas,29.6897,-95.1151,33782
Franklin,New Jersey,41.1101,-74.5886,33799
Menlo Park,California,37.4689,-122.1662,33888
Sonoma,California,38.2902,-122.4598,33923
Chester,Pennsylvania,39.8456,-75.3718,33988
Salisbury,North Carolina,35.6658,-80.4911,34001
Dana Point,California,33.4733,-117.6969,34012
Englewood,Colorado,39.6469,-104.9942,34050
Kearney,Nebraska,40.7008,-99.0839,34065
Martinsville,Virginia,36.6827,-79.8636,34132
Glendale Heights,Illinois,41.9196,-88.0784,34145
Foster City,California,37.5553,-122.2659,34175
Riviera Beach,Florida,26.7814,-80.0741,34244
Cottonwood Heights,Utah,40.6137,-111.8144,34285
San Dimas,California,34.1082,-117.8089,34338
Sanford,North Carolina,35.4822,-79.1773,34339
Waxahachie,Texas,32.4035,-96.8428,34345
Norristown,Pennsylvania,40.1224,-75.3399,34370
Grass Valley,California,39.2236,-121.0549,34508
Bridgeton,New Jersey,39.4284,-75.2284,34536
Granbury,Texas,32.448,-97.7681,34544
Leawood,Kansas,38.9076,-94.6258,34565
Oswego,Illinois,41.6832,-88.3382,34571
Galesburg,Illinois,40.9506,-90.3763,34620
Russellville,Arkansas,35.2761,-93.1385,34684
Beverly Hills,California,34.0786,-118.4021,34687
Vestavia Hills,Alabama,33.4516,-86.7443,34688
Oak Harbor,Washington,48.2965,-122.6331,34689
University City,Missouri,38.6657,-90.3315,34706
Stow,Ohio,41.1765,-81.4344,34711
Auburn,California,38.8948,-121.0778,34734
Brunswick,Ohio,41.2464,-81.8198,34756
Lauderdale Lakes,Florida,26.1683,-80.2017,34790
Monroe,North Carolina,35.0062,-80.5593,34818
Pleasant Hill,California,37.954,-122.0759,34853
West Fargo,North Dakota,46.8565,-96.9048,34858
Lockport,New York,43.1698,-78.6956,34859
Hilliard,Ohio,40.0348,-83.1547,34905
Gahanna,Ohio,40.0251,-82.8638,34956
Farmers Branch,Texas,32.9272,-96.8804,34988
Merrillville,Indiana,41.4728,-87.3197,34994
Upper Arlington,Ohio,40.0271,-83.0703,34997
Woodburn,Oregon,45.1477,-122.8585,35007
Watertown,Massachusetts,42.37,-71.1775,35025
El Mirage,Arizona,33.5906,-112.3271,35043
La Vergne,Tennessee,36.021,-86.5574,35071
Inver Grove Heights,Minnesota,44.8246,-93.0596,35077
La Porte,Texas,29.669,-95.0483,35086
Key West,Florida,24.5636,-81.7768,35140
Paradise,California,39.7558,-121.6063,35163
Peachtree City,Georgia,33.3943,-84.5711,35186
Forney,Texas,32.7453,-96.4496,35281
Georgetown,Kentucky,38.2253,-84.5481,35353
Herriman,Utah,40.489,-112.0153,35385
Cooper City,Florida,26.0465,-80.2866,35405
East Point,Georgia,33.6696,-84.47,35471
Queen Creek,Arizona,33.2392,-111.6397,35524
Nacogdoches,Texas,31.6131,-94.6527,35525
Winter Springs,Florida,28.689,-81.2708,35599
Prattville,Alabama,32.4602,-86.4595,35606
Roseville,Minnesota,45.0155,-93.1544,35691
Bettendorf,Iowa,41.5656,-90.4764,35727
Gallatin,Tennessee,36.3783,-86.4697,35734
Manhattan Beach,California,33.8895,-118.3972,35741
Wildwood,Missouri,38.5798,-90.6697,35756
Benton,Arkansas,34.5769,-92.5716,35775
Owasso,Oklahoma,36.2884,-95.8312,35784
Bell,California,33.9801,-118.1798,35864
Oak Creek,Wisconsin,42.8803,-87.9008,35881
Cedar City,Utah,37.6834,-113.0957,35921
Richfield,Minnesota,44.8762,-93.2826,35949
Cottage Grove,Minnesota,44.8161,-92.9274,36029
Wildomar,California,33.6173,-117.2582,36042
Claremont,California,34.1259,-117.7153,36059
Shawnee,Oklahoma,35.3524,-96.9647,36100
Franklin,Wisconsin,42.8854,-88.0104,36131
Cleburne,Texas,32.3585,-97.4172,36185
La Grange,Georgia,33.0276,-85.0383,36270
San Juan Capistrano,California,33.5009,-117.6544,36276
Oregon City,Oregon,45.3418,-122.5938,36286
Kalispell,Montana,48.2155,-114.3262,36304
Temple City,California,34.1022,-118.0579,36365
Dunedin,Florida,28.0328,-82.7865,36381
Crestview,Florida,30.748,-86.5784,36433
Gillette,Wyoming,44.2793,-105.5013,36446
Moorpark,California,34.2855,-118.877,36481
Portage,Indiana,41.5866,-87.1792,36505
Mooresville,North Carolina,35.5842,-80.8246,36543
Portsmouth,Ohio,38.7539,-82.9446,36584
Saint Marys,Georgia,30.7567,-81.5722,36587
Moses Lake,Washington,47.1276,-119.2762,36662
San Juan,Texas,26.1902,-98.1522,36663
New Albany,Indiana,38.3078,-85.8242,36670
West Hollywood,California,34.0883,-118.3718,36698
Olive Branch,Mississippi,34.9608,-89.8478,36699
Lincoln Park,Michigan,42.2433,-83.181,36720
Calumet City,Illinois,41.6133,-87.5502,36732
Menomonee Falls,Wisconsin,43.1487,-88.1227,36769
Greenfield,Wisconsin,42.9619,-88.005,36858
Addison,Illinois,41.9314,-88.0086,36902
Rosenberg,Texas,29.5402,-95.8158,36937
Monrovia,California,34.165,-117.9921,37126
Phenix City,Alabama,32.4586,-85.025,37132
Westfield,Indiana,40.0314,-86.1539,37221
Issaquah,Washington,47.5414,-122.0436,37322
Wentzville,Missouri,38.8165,-90.8671,37395
Reynoldsburg,Ohio,39.9588,-82.7943,37449
Albertville,Alabama,34.2631,-86.2106,37451
Park Ridge,Illinois,42.0125,-87.8436,37496
Fort Lee,New Jersey,40.8507,-73.9711,37577
Los Banos,California,37.0631,-120.8405,37584
Valley Stream,New York,40.6647,-73.7044,37673
Aventura,Florida,25.9566,-80.1371,37724
Lake Worth,Florida,26.6195,-80.0592,37812
Columbia,Tennessee,35.6223,-87.048,37845
Mount Pleasant,Michigan,43.5966,-84.7758,37877
Newnan,Georgia,33.3763,-84.7758,37912
Royal Palm Beach,Florida,26.7046,-80.2246,38006
Brookfield,Wisconsin,43.064,-88.1231,38016
Huber Heights,Ohio,39.8595,-84.113,38019
Hanover Park,Illinois,41.9819,-88.1447,38044
Lynnwood,Washington,47.8285,-122.3034,38092
London,Kentucky,37.1209,-84.0804,38130
Plant City,Florida,28.0145,-82.1202,38200
Roy,Utah,41.1716,-112.0479,38201
Oswego,New York,43.4516,-76.5005,38208
Rock Island,Illinois,41.4699,-90.5827,38210
Indian Trail,North Carolina,35.0697,-80.646,38222
Martinez,California,37.9985,-122.116,38259
Carpentersville,Illinois,42.1227,-88.2894,38291
Brighton,Colorado,39.9719,-104.7958,38314
Wheeling,Illinois,42.1308,-87.9239,38315
Milton,Georgia,34.1353,-84.3138,38411
Enterprise,Alabama,31.3276,-85.8459,38431
Marion,Iowa,42.0444,-91.5853,38480
Butler,Pennsylvania,40.8615,-79.8962,38588
Delaware,Ohio,40.287,-83.0749,38643
Stanton,California,33.8002,-117.9935,38644
Pleasant Grove,Utah,40.3714,-111.7411,38756
Spanish Fork,Utah,40.11,-111.6407,38861
Lancaster,Texas,32.5922,-96.7737,38867
Montclair,California,34.0714,-117.6981,38944
Lake Oswego,Oregon,45.4129,-122.7002,38945
Keizer,Oregon,45.0028,-123.0242,38980
Northglenn,Colorado,39.9107,-104.9783,38982
Westerville,Ohio,40.1241,-82.9205,38985
Frankfort,Kentucky,38.1924,-84.8644,39034
Germantown,Tennessee,35.083,-89.7824,39056
Kyle,Texas,30.0015,-97.8629,39060
Pacifica,California,37.6112,-122.4781,39062
Hurst,Texas,32.8353,-97.1808,39160
Richmond,Kentucky,37.724,-84.2928,39267
Oviedo,Florida,28.6576,-81.1869,39337
Culver City,California,34.0058,-118.3968,39364
Friendswood,Texas,29.5109,-95.198,39396
Annapolis,Maryland,38.9705,-76.5047,39418
Woburn,Massachusetts,42.4868,-71.1543,39452
Schertz,Texas,29.5652,-98.2541,39453
Duncanville,Texas,32.646,-96.9127,39457
Huntsville,Texas,30.705,-95.5545,39476
Meridian,Mississippi,32.3846,-88.6896,39478
Asheboro,North Carolina,35.7159,-79.8128,39496
Hallandale Beach,Florida,25.9854,-80.1423,39500
Marlborough,Massachusetts,42.3494,-71.5468,39697
Chelsea,Massachusetts,42.3959,-71.0325,39699
Romeoville,Illinois,41.631,-88.1014,39706
Grove City,Ohio,39.8665,-83.0703,39721
New Berlin,Wisconsin,42.9726,-88.1292,39803
Bartlesville,Oklahoma,36.7356,-95.9451,39848
New Castle,Pennsylvania,40.9956,-80.3458,39873
Warren,Ohio,41.2389,-80.8177,39898
Apache Junction,Arizona,33.3982,-111.5349,39954
Weslaco,Texas,26.1669,-97.9859,40033
Carol Stream,Illinois,41.9183,-88.1309,40069
Wake Forest,North Carolina,35.963,-78.5144,40112
Statesboro,Georgia,32.4376,-81.775,40141
Maplewood,Minnesota,44.984,-93.0247,40150
Junction City,Kansas,39.0268,-96.8495,40157
Streamwood,Illinois,42.0209,-88.1778,40166
Calexico,California,32.6849,-115.4944,40232
Holyoke,Massachusetts,42.2126,-72.6411,40280
Crystal Lake,Illinois,42.233,-88.3352,40339
La Puente,California,34.0323,-117.9533,40377
San Gabriel,California,34.0948,-118.099,40404
Fitchburg,Massachusetts,42.5912,-71.8156,40414
Spring Hill,Tennessee,35.7436,-86.912,40552
Wilkes-Barre,Pennsylvania,41.2468,-75.8759,40569
Shakopee,Minnesota,44.7745,-93.4763,40610
Oakley,California,37.9929,-121.6951,40622
Puyallup,Washington,47.1794,-122.2901,40640
Torrington,Connecticut,41.8349,-73.1282,40710
Covington,Kentucky,39.0334,-84.5166,40797
Campbell,California,37.2803,-121.9543,40939
La Quinta,California,33.6537,-116.2785,40956
Hobbs,New Mexico,32.7281,-103.1597,41021
Centralia,Washington,46.7226,-122.9695,41077
Muskogee,Oklahoma,35.743,-95.3567,41117
Bartlett,Illinois,41.9804,-88.2074,41178
Weatherford,Texas,32.7547,-97.7665,41333
Shelton,Connecticut,41.306,-73.1383,41334
Buffalo Grove,Illinois,42.1673,-87.9615,41346
Coppell,Texas,32.9639,-96.9907,41360
Beverly,Massachusetts,42.5681,-70.8627,41365
Cedar Falls,Iowa,42.5197,-92.4532,41390
Woonsocket,Rhode Island,42.001,-71.4993,41406
Pottsville,Pennsylvania,40.6798,-76.2092,41479
Manassas,Virginia,38.748,-77.484,41483
Jamestown,New York,42.0975,-79.2366,41492
Marion,Indiana,40.5497,-85.66,41550
Westfield,Massachusetts,42.1382,-72.7561,41552
Edmonds,Washington,47.8114,-122.3534,41840
Belleville,Illinois,38.515,-89.9865,41906
Winter Garden,Florida,28.543,-81.5944,41988
McMinnville,Oregon,45.211,-123.1918,41998
Urbana,Illinois,40.1106,-88.1972,42014
Goose Creek,South Carolina,32.992,-80.0063,42039
Zanesville,Ohio,39.9567,-82.0133,42097
Kearny,New Jersey,40.7526,-74.1202,42126
Ormond Beach,Florida,29.2951,-81.0999,42162
Moline,Illinois,41.4825,-90.4917,42250
Greenwood,South Carolina,34.1944,-82.1541,42279
Winder,Georgia,33.9918,-83.7218,42330
The Colony,Texas,33.0926,-96.8977,42408
Rancho Palos Verdes,California,33.7554,-118.3636,42435
Linden,New Jersey,40.6251,-74.238,42457
Brea,California,33.9255,-117.8654,42471
Moorhead,Minnesota,46.8674,-96.7457,42492
Little Elm,Texas,33.1792,-96.9284,42504
Prescott,Arizona,34.5799,-112.4476,42513
Brentwood,Tennessee,35.9917,-86.7759,42517
Clarksburg,West Virginia,39.2862,-80.323,42552
Fairfield,Ohio,39.3301,-84.5405,42617
Rohnert Park,California,38.348,-122.6964,42622
Richmond,Indiana,39.8318,-84.8904,42759
Leander,Texas,30.5707,-97.8587,42761
Peachtree Corners,Georgia,33.9668,-84.2321,42773
Klamath Falls,Oregon,42.2193,-121.7755,42791
Bell Gardens,California,33.9663,-118.155,42806
Concord,New Hampshire,43.2307,-71.5595,42821
Riverton,Utah,40.5176,-111.9635,42838
Plainfield,Illinois,41.6202,-88.2258,42933
San Bruno,California,37.6254,-122.4313,42957
Bluefield,West Virginia,37.2602,-81.217,43012
Urbandale,Iowa,41.639,-93.7814,43018
Salem,Massachusetts,42.513,-70.9021,43132
Freeport,New York,40.6515,-73.585,43279
Clovis,New Mexico,34.4375,-103.1924,43327
Desert Hot Springs,California,33.955,-116.543,43327
Marana,Arizona,32.4355,-111.1558,43474
Altamonte Springs,Florida,28.6616,-81.395,43492
Hutchinson,Kansas,38.0672,-97.9083,43507
Kingman,Arizona,35.2168,-114.0167,43548
Rockwall,Texas,32.9169,-96.4379,43586
North Lauderdale,Florida,26.2113,-80.2209,43699
Lancaster,Ohio,39.7249,-82.6049,43726
Stevens Point,Wisconsin,44.524,-89.5506,43735
Oro Valley,Arizona,32.4226,-110.9767,43781
Lombard,Illinois,41.8739,-88.0158,43815
Adrian,Michigan,41.8994,-84.0447,43850
North Miami Beach,Florida,25.9302,-80.166,43891
Pinehurst,North Carolina,35.1922,-79.4682,44070
Bountiful,Utah,40.8722,-111.8647,44078
Morgan Hill,California,37.1324,-121.641,44155
Roseburg,Oregon,43.2228,-123.3519,44176
Selma,California,36.5743,-119.6156,44292
Oakland Park,Florida,26.1779,-80.1527,44326
Haltom City,Texas,32.8176,-97.2707,44361
Del Rio,Texas,29.3706,-100.8798,44414
Attleboro,Massachusetts,41.9311,-71.295,44434
Farmington,Missouri,37.782,-90.4287,44494
Bothell,Washington,47.774,-122.2039,44546
Danville,California,37.8121,-121.9698,44631
Strongsville,Ohio,41.3128,-81.8313,44631
Cleveland Heights,Ohio,41.5112,-81.5636,44633
Cutler Bay,Florida,25.5765,-80.3357,44707
Hackensack,New Jersey,40.8889,-74.0461,44756
Ocoee,Florida,28.5785,-81.5336,44820
Sayreville,New Jersey,40.4655,-74.3237,44905
Coachella,California,33.691,-116.1451,44953
Burleson,Texas,32.52,-97.3341,45016
Eureka,California,40.7941,-124.1568,45091
Quincy,Illinois,39.9335,-91.3796,45113
Manitowoc,Wisconsin,44.099,-87.6812,45261
Fort Pierce,Florida,27.4263,-80.3421,45295
Beaumont,California,33.9052,-116.976,45349
Oroville,California,39.5,-121.5647,45445
Hollister,California,36.8564,-121.3981,45496
Dublin,Ohio,40.1112,-83.1451,45568
Maricopa,Arizona,33.0447,-112.0164,45666
Marion,Ohio,40.5933,-83.1237,45718
Newark,California,37.5204,-122.0312,45810
West Lafayette,Indiana,40.4432,-86.9239,45872
Biloxi,Mississippi,30.4393,-88.9542,45975
Tupelo,Mississippi,34.2637,-88.7298,46095
Lufkin,Texas,31.3206,-94.729,46325
Littleton,Colorado,39.5912,-105.0193,46333
Everett,Massachusetts,42.4064,-71.0544,46340
Beavercreek,Ohio,39.7312,-84.0627,46376
Sahuarita,Arizona,31.9328,-110.9654,46385
Elmhurst,Illinois,41.8973,-87.9432,46387
Leavenworth,Kansas,39.3225,-94.9246,46445
Middletown,Connecticut,41.5476,-72.6549,46544
Galveston,Texas,29.2487,-94.891,46610
Keller,Texas,32.9337,-97.2256,46646
Carrollton,Georgia,33.5819,-85.0837,46695
Mentor,Ohio,41.6895,-81.3361,46732
New Philadelphia,Ohio,40.486,-81.4402,46838
Lincoln,California,38.8749,-121.2943,47030
Bentonville,Arkansas,36.3579,-94.2286,47093
Salina,Kansas,38.8143,-97.6151,47123
Jeffersonville,Indiana,38.3377,-85.7026,47124
Draper,Utah,40.4956,-111.8607,47328
East Providence,Rhode Island,41.8064,-71.3565,47337
Apex,North Carolina,35.7248,-78.866,47349
Euclid,Ohio,41.5904,-81.5188,47360
Cookeville,Tennessee,36.1485,-85.5114,47381
San Jacinto,California,33.797,-116.9915,47413
Glenview,Illinois,42.0825,-87.8215,47475
Sandusky,Ohio,41.4472,-82.7009,47494
Roseville,Michigan,42.5074,-82.937,47602
Chesterfield,Missouri,38.6588,-90.5805,47659
Lacey,Washington,47.0444,-122.7933,47688
Palm Springs,California,33.8012,-116.538,47689
Wylie,Texas,33.0353,-96.517,47701
Pine Bluff,Arkansas,34.2119,-92.0174,47784
Saint Cloud,Florida,28.2297,-81.2853,47809
Kannapolis,North Carolina,35.4766,-80.6391,47839
Lawrence,Indiana,39.8674,-85.9904,47866
Wauwatosa,Wisconsin,43.0616,-88.0347,47945
Madison,Alabama,34.7113,-86.7617,47959
Danville,Virginia,36.5831,-79.4088,48015
Farmington,New Mexico,36.7559,-108.1827,48137
Stillwater,Oklahoma,36.1315,-97.074,48233
Ceres,California,37.5954,-120.9624,48278
Cedar Hill,Texas,32.5809,-96.9592,48343
Portage,Michigan,42.2,-85.5907,48508
Rio Grande City,Texas,26.3808,-98.8215,48516
Covina,California,34.0903,-117.8817,48549
Smyrna,Tennessee,35.9732,-86.5242,48596
Niagara Falls,New York,43.0921,-79.0147,48632
Morehead City,North Carolina,34.7307,-76.7383,48637
Mishawaka,Indiana,41.6733,-86.1667,48679
Findlay,Ohio,41.046,-83.638,48701
Saint Louis Park,Minnesota,44.9488,-93.365,48747
Danville,Illinois,40.1422,-87.6113,48785
East Lansing,Michigan,42.7483,-84.4834,48870
Dunwoody,Georgia,33.9418,-84.3123,48884
Reedley,California,36.5988,-119.4473,48897
Cypress,California,33.8171,-118.0386,48906
Rancho Santa Margarita,California,33.6318,-117.5989,48969
Paducah,Kentucky,37.0711,-88.6435,49027
Enid,Oklahoma,36.4061,-97.8701,49176
Collierville,Tennessee,35.0474,-89.6989,49177
Bullhead City,Arizona,35.1205,-114.546,49184
Cuyahoga Falls,Ohio,41.1641,-81.5206,49206
La Mirada,California,33.9025,-118.0093,49216
Murray,Utah,40.6498,-111.8875,49230
Uniontown,Pennsylvania,39.8994,-79.7244,49241
Summerville,South Carolina,33.0038,-80.1794,49323
Monroe,Michigan,41.9157,-83.3852,49389
Apopka,Florida,28.7006,-81.5303,49458
Downers Grove,Illinois,41.7947,-88.017,49473
Pascagoula,Mississippi,30.3665,-88.5507,49504
Bedford,Texas,32.8464,-97.135,49528
Roswell,New Mexico,33.3729,-104.5294,49540
Azusa,California,34.1386,-117.9124,49628
Wilson,North Carolina,35.7311,-77.9284,49644
Traverse City,Michigan,44.7545,-85.6034,49690
Troy,New York,42.7354,-73.6751,49702
Cumberland,Maryland,39.6515,-78.7585,49707
Helena,Montana,46.5963,-112.0196,49812
Methuen,Massachusetts,42.734,-71.1889,49917
Poway,California,32.9872,-117.0201,50077
Lakewood,Ohio,41.4824,-81.8008,50279
Cerritos,California,33.8677,-118.0686,50555
Plainfield,New Jersey,40.6153,-74.4159,50636
Coral Gables,Florida,25.7037,-80.2715,50815
Minot,North Dakota,48.2375,-101.2779,50845
Burien,Washington,47.4761,-122.3393,50997
Parker,Colorado,39.5075,-104.7746,51163
Edina,Minnesota,44.8913,-93.3602,51350
Aliso Viejo,California,33.5792,-117.729,51424
New Bern,North Carolina,35.0956,-77.0723,51491
Hinesville,Georgia,31.8269,-81.6216,51673
Kentwood,Michigan,42.8852,-85.5925,51689
Hoffman Estates,Illinois,42.0638,-88.1463,51738
Oak Park,Illinois,41.8872,-87.7899,51774
Florissant,Missouri,38.7996,-90.3269,51776
Glendora,California,34.1449,-117.8466,51851
Tigard,Oregon,45.4243,-122.7827,51902
Sierra Vista,Arizona,31.5631,-110.3153,51927
Chambersburg,Pennsylvania,39.9315,-77.6556,51948
Apple Valley,Minnesota,44.7456,-93.2006,51957
Grapevine,Texas,32.9343,-97.0744,51971
Pinellas Park,Florida,27.8586,-82.7075,52137
Placentia,California,33.8807,-117.8553,52228
Palm Desert,California,33.7378,-116.3696,52231
Minnetonka,Minnesota,44.9324,-93.4601,52369
Bozeman,Montana,45.6828,-111.0545,52391
Brookhaven,Georgia,33.8746,-84.3315,52444
Peabody,Massachusetts,42.5335,-70.9724,52491
Perth Amboy,New Jersey,40.5204,-74.2724,52499
City of Milford (balance),Connecticut,41.2253,-73.0624,52536
DeSoto,Texas,32.5992,-96.8634,52599
Leesburg,Virginia,39.1057,-77.5543,52607
Bloomsburg,Pennsylvania,41.0027,-76.4561,52637
Lenexa,Kansas,38.9608,-94.802,52903
West Sacramento,California,38.5556,-121.5504,52981
Lompoc,California,34.6617,-120.4714,53062
Beaufort,South Carolina,32.4487,-80.7102,53086
Caldwell,Idaho,43.6458,-116.6595,53149
Revere,Massachusetts,42.4188,-71.004,53157
Southaven,Mississippi,34.9514,-89.9787,53214
Yucaipa,California,34.0335,-117.0426,53309
West New York,New Jersey,40.7856,-74.0093,53343
Wheaton,Illinois,41.856,-88.1083,53389
Twin Falls,Idaho,42.5631,-114.4637,53412
Bellevue,Nebraska,41.1536,-95.9357,53505
Lewiston,Idaho,46.3936,-116.9935,53520
Grand Island,Nebraska,40.9214,-98.3585,53556
Elyria,Ohio,41.3761,-82.1063,53715
Palm Beach Gardens,Florida,26.8489,-80.1654,53778
Delano,California,35.767,-119.2637,54030
Cathedral City,California,33.8363,-116.4662,54056
Eagle Pass,Texas,28.7118,-100.4832,54091
Mount Prospect,Illinois,42.0653,-87.937,54171
Brunswick,Georgia,31.145,-81.474,54213
Normal,Illinois,40.522,-88.9877,54264
Hoboken,New Jersey,40.7452,-74.0279,54379
Blue Springs,Missouri,39.0124,-94.2722,54431
Rosemead,California,34.0688,-118.0823,54500
West Haven,Connecticut,41.2738,-72.9669,54516
Arroyo Grande,California,35.1243,-120.5849,54542
Lake Havasu City,Arizona,34.5006,-114.3115,54662
Colton,California,34.0538,-117.3254,54712
Euless,Texas,32.8507,-97.0798,54769
Fond du Lac,Wisconsin,43.7719,-88.4396,54811
Huntersville,North Carolina,35.4055,-80.8741,54839
Commerce City,Colorado,39.8638,-104.8434,54869
Paramount,California,33.8976,-118.1651,54909
Highland,California,34.1113,-117.1653,54939
Richland,Washington,46.2828,-119.2939,54989
Ithaca,New York,42.4442,-76.5032,54992
Williamsport,Pennsylvania,41.2398,-77.0371,55100
Cartersville,Georgia,34.1631,-84.8007,55195
Cape Girardeau,Missouri,37.3107,-89.5595,55253
Grants Pass,Oregon,42.4334,-123.3318,55265
Hazleton,Pennsylvania,40.9504,-75.9724,55301
Kettering,Ohio,39.6956,-84.1495,55306
Shoreline,Washington,47.7563,-122.3425,55333
Watertown,New York,43.9734,-75.9094,55436
Hempstead,New York,40.7043,-73.6193,55555
Bradenton,Florida,27.49,-82.5746,55687
Berwyn,Illinois,41.8433,-87.7909,55748
Dearborn Heights,Michigan,42.3164,-83.2769,55761
Kingston,New York,41.9295,-73.9968,55793
Chicopee,Massachusetts,42.1764,-72.5719,55991
Novato,California,38.092,-122.5576,56004
East Stroudsburg,Pennsylvania,41.0023,-75.1779,56230
Oak Lawn,Illinois,41.7139,-87.7528,56257
Walla Walla,Washington,46.0678,-118.3364,56509
Fountain Valley,California,33.7105,-117.9514,56529
Greenwood,Indiana,39.6019,-86.1073,56545
Pittsfield,Massachusetts,42.4517,-73.2605,56628
Smyrna,Georgia,33.864,-84.5169,56664
Diamond Bar,California,33.9992,-117.8161,56793
Tinley Park,Illinois,41.5671,-87.8049,56831
Taunton,Massachusetts,41.9036,-71.0943,56843
New Brunswick,New Jersey,40.487,-74.445,56910
Hendersonville,Tennessee,36.3063,-86.5997,57050
Titusville,Florida,28.5725,-80.8193,57193
Medford,Massachusetts,42.4234,-71.1087,57213
Saint Peters,Missouri,38.7825,-90.6061,57289
Midwest City,Oklahoma,35.463,-97.371,57305
Manhattan,Kansas,39.1883,-96.605,57442
Middletown,New York,41.4458,-74.4228,57478
Carson City,Nevada,39.1512,-119.7474,57522
Casa Grande,Arizona,32.907,-111.7623,57635
Castle Rock,Colorado,39.3761,-104.8536,57666
Hot Springs,Arkansas,34.4915,-93.0488,57744
Santee,California,32.8555,-116.9848,57834
Margate,Florida,26.2465,-80.2119,57870
Doral,Florida,25.815,-80.3565,57947
Staunton,Virginia,38.1593,-79.0608,58077
Des Plaines,Illinois,42.0343,-87.9008,58141
White Plains,New York,41.022,-73.7548,58241
Bowie,Maryland,38.9577,-76.7421,58393
Columbus,Indiana,39.2094,-85.9178,58406
Jefferson City,Missouri,38.5677,-92.1757,58439
Arcadia,California,34.1342,-118.0373,58523
Sanford,Florida,28.7892,-81.276,58605
Bartlett,Tennessee,35.2337,-89.8195,58622
Ankeny,Iowa,41.7279,-93.6033,58627
Lewiston,Maine,44.0915,-70.1681,58664
Orland Park,Illinois,41.6075,-87.8618,58862
Huntington Park,California,33.98,-118.2167,58879
San Rafael,California,37.9905,-122.5222,58954
Royal Oak,Michigan,42.5084,-83.1539,59006
Woodland,California,38.6712,-121.75,59117
Novi,Michigan,42.4786,-83.4893,59211
Pflugerville,Texas,30.4544,-97.6053,59245
Chapel Hill,North Carolina,35.9271,-79.0387,59246
Bangor,Maine,44.8322,-68.7906,59259
Midland,Michigan,43.6239,-84.2316,59343
Coconut Creek,Florida,26.2803,-80.1842,59405
Dublin,California,37.7161,-121.8962,59583
Meriden,Connecticut,41.5367,-72.7943,59622
Pontiac,Michigan,42.6493,-83.2878,59698
Saint Clair Shores,Michigan,42.4922,-82.8957,59775
La Mesa,California,32.7703,-117.0203,59948
Goldsboro,North Carolina,35.3777,-77.9721,59969
Gardena,California,33.8944,-118.3073,60048
West Allis,Wisconsin,43.0068,-88.0296,60087
Morristown,Tennessee,36.2043,-83.3,60098
Bristol,Connecticut,41.6812,-72.9407,60147
Noblesville,Indiana,40.0354,-86.0056,60183
Benton Harbor,Michigan,42.116,-86.4484,60298
Taylorsville,Utah,40.657,-111.9493,60436
Albany,Oregon,44.6274,-123.0966,60463
Brentwood,California,37.9356,-121.719,60532
Cupertino,California,37.3167,-122.0465,60643
Lakewood,Washington,47.1627,-122.5299,60665
Malden,Massachusetts,42.4305,-71.0576,60840
Marietta,Georgia,33.9532,-84.542,60941
Rome,Georgia,34.2657,-85.1863,61019
Monterey Park,California,34.0497,-118.1325,61075
Port Orange,Florida,29.1084,-81.0136,61105
Mankato,Minnesota,44.172,-93.9782,61115
Lehi,Utah,40.414,-111.8729,61130
National City,California,32.6654,-117.0983,61147
Eastvale,California,33.9617,-117.5803,61151
Taylor,Michigan,42.226,-83.2688,61177
Burnsville,Minnesota,44.7648,-93.2794,61290
Moore,Oklahoma,35.3294,-97.4758,61415
La Habra,California,33.9278,-117.9513,61664
Beckley,West Virginia,37.7878,-81.1841,61693
Springfield,Oregon,44.0538,-122.981,61893
Lakeville,Minnesota,44.6777,-93.2522,61938
Rowlett,Texas,32.9165,-96.5494,61999
Hamilton,Ohio,39.3938,-84.5652,62127
North Miami,Florida,25.9008,-80.1686,62139
Coon Rapids,Minnesota,45.1756,-93.3095,62359
San Luis Obispo,California,35.2671,-120.6689,62391
Gadsden,Alabama,34.009,-86.0156,62402
Redmond,Washington,47.6776,-122.1176,62458
Sebring,Florida,27.4771,-81.453,62473
Council Bluffs,Iowa,41.2369,-95.8518,62524
Tulare,California,36.1996,-119.34,62779
Rocklin,California,38.8078,-121.2491,62787
Haverhill,Massachusetts,42.7838,-71.0871,62873
Blaine,Minnesota,45.1696,-93.2078,62892
Waltham,Massachusetts,42.3889,-71.2423,63002
Encinitas,California,33.0492,-117.2613,63131
Montebello,California,34.0155,-118.1107,63335
Monessen,Pennsylvania,40.1519,-79.8828,63467
Beloit,Wisconsin,42.523,-89.0184,63470
Pico Rivera,California,33.9902,-118.0888,63635
Sammamish,Washington,47.6045,-122.0446,63773
Glens Falls,New York,43.3109,-73.6459,63793
Jupiter,Florida,26.9195,-80.1123,63813
Wellington,Florida,26.6464,-80.2708,63900
Eden Prairie,Minnesota,44.8487,-93.4595,63914
Lake Elsinore,California,33.6847,-117.3346,64205
Skokie,Illinois,42.036,-87.74,64270
West Des Moines,Iowa,41.5527,-93.7803,64560
Buckeye,Arizona,33.4318,-112.643,64629
East Orange,New Jersey,40.7651,-74.2118,64789
Johnstown,Pennsylvania,40.3258,-78.9194,64842
Schenectady,New York,42.8025,-73.9276,64913
Rogers,Arkansas,36.3172,-94.1515,65021
Elmira,New York,42.0938,-76.8097,65104
Longview,Washington,46.1471,-122.9642,65156
Shawnee,Kansas,39.0158,-94.8076,65194
Tamarac,Florida,26.2057,-80.2547,65199
San Clemente,California,33.4498,-117.6103,65309
Laguna Niguel,California,33.5275,-117.705,65328
Parkersburg,West Virginia,39.2624,-81.5419,65331
Alpharetta,Georgia,34.0704,-84.2739,65338
Michigan City,Indiana,41.7098,-86.8705,65356
Corvallis,Oregon,44.5697,-123.2781,65465
Mansfield,Texas,32.5692,-97.1208,65631
Rocky Mount,North Carolina,35.9675,-77.8047,65851
Great Falls,Montana,47.5016,-111.2993,65960
Bayonne,New Jersey,40.6659,-74.1141,66238
North Little Rock,Arkansas,34.7813,-92.2378,66278
Los Lunas,New Mexico,34.8092,-106.7663,66411
Eagan,Minnesota,44.8168,-93.1638,66428
Grand Forks,North Dakota,47.912,-97.0751,66487
Broomfield,Colorado,39.9541,-105.0526,66529
Daytona Beach,Florida,29.1959,-81.0935,66645
Sherman,Texas,33.6266,-96.6195,66791
Petaluma,California,38.2423,-122.6267,66940
Rockville,Maryland,39.0834,-77.1553,66940
Saratoga Springs,New York,43.0674,-73.7775,66945
South San Francisco,California,37.6537,-122.4197,66980
Fairbanks,Alaska,64.8353,-147.6533,66996
Palo Alto,California,37.3917,-122.1465,67024
Kenner,Louisiana,30.0109,-90.2549,67089
Georgetown,Texas,30.6669,-97.694,67140
Delray Beach,Florida,26.455,-80.0905,67371
Hanover,Pennsylvania,39.8118,-76.9835,67480
DeKalb,Illinois,41.9299,-88.7478,67501
Bay City,Michigan,43.5903,-83.8886,67712
Gaithersburg,Maryland,39.1347,-77.213,67776
Ames,Iowa,42.0262,-93.6275,67841
Redondo Beach,California,33.8574,-118.3766,67867
Homestead,Florida,25.4664,-80.4472,67996
Weirton,West Virginia,40.406,-80.5671,68173
Yorba Linda,California,33.889,-117.7714,68235
Mount Vernon,New York,40.9136,-73.8291,68344
Bossier City,Louisiana,32.5227,-93.6665,68485
Carbondale,Illinois,37.7219,-89.2237,68540
Mount Vernon,Washington,48.4203,-122.3114,68613
Palatine,Illinois,42.1181,-88.043,68766
Woodbury,Minnesota,44.9056,-92.9231,68820
Victoria,Texas,28.8284,-96.9848,68845
Dubuque,Iowa,42.5007,-90.7064,68873
Cedar Park,Texas,30.5133,-97.818,68918
Daphne,Alabama,30.6291,-87.8872,68940
South Jordan,Utah,40.5571,-111.9783,69034
Walnut Creek,California,37.9025,-122.0398,69122
Casper,Wyoming,42.843,-106.3205,69224
Saint Charles,Missouri,38.7957,-90.5155,69293
Union City,New Jersey,40.7675,-74.0323,69296
Maple Grove,Minnesota,45.1088,-93.4626,69576
Hammond,Louisiana,30.5059,-90.4561,69616
Decatur,Alabama,34.5733,-86.9919,69660
North Richland Hills,Texas,32.8605,-97.218,69798
West Bend,Wisconsin,43.4184,-88.1823,69810
Weston,Florida,26.1003,-80.4052,70015
Lima,Ohio,40.7409,-84.1121,70296
Janesville,Wisconsin,42.6855,-89.0137,70299
Sheboygan,Wisconsin,43.7448,-87.7317,70436
Pocatello,Idaho,42.8716,-112.466,70445
Bristol,Tennessee,36.5572,-82.2144,70560
Pasco,Washington,46.2499,-119.1271,70579
Passaic,New Jersey,40.8574,-74.1281,70635
Pittsburg,California,38.019,-121.897,70679
Lynwood,California,33.924,-118.2017,71187
Redlands,California,34.0512,-117.171,71288
Wenatchee,Washington,47.4251,-120.329,71426
Pawtucket,Rhode Island,41.8743,-71.3744,71427
Wilmington,Delaware,39.7349,-75.5286,71442
Lodi,California,38.1218,-121.2933,71515
Cleveland,Tennessee,35.1816,-84.8709,71601
Lauderhill,Florida,26.1605,-80.2241,71626
Dothan,Alabama,31.2335,-85.4066,71899
Rancho Cordova,California,38.5739,-121.2521,72326
Conway,Arkansas,35.0754,-92.4696,72360
Waukesha,Wisconsin,43.0088,-88.2462,72363
Harrisonburg,Virginia,38.4362,-78.8735,72470
Apple Valley,California,34.5329,-117.2102,72553
New Britain,Connecticut,41.6758,-72.7862,72558
Jonesboro,Arkansas,35.8211,-90.6793,72838
Winchester,Virginia,39.1734,-78.1745,72928
San Marcos,Texas,29.8766,-97.9311,72928
Owensboro,Kentucky,37.7574,-87.1181,73011
Southfield,Michigan,42.4765,-83.2605,73100
Morgantown,West Virginia,39.6379,-79.9468,73183
Rochester Hills,Michigan,42.6645,-83.1563,73422
Mansfield,Ohio,40.7655,-82.5276,73450
Sumter,South Carolina,33.9393,-80.3929,73468
Flower Mound,Texas,33.0344,-97.1147,73547
Jackson,Tennessee,35.6535,-88.8351,73860
New Braunfels,Texas,29.6995,-98.1152,73959
Camarillo,California,34.223,-119.0325,74152
Wausau,Wisconsin,44.9616,-89.6439,74186
Camden,New Jersey,39.9361,-75.1072,74420
Schaumburg,Illinois,42.0307,-88.0838,74446
Bolingbrook,Illinois,41.6911,-88.1012,74518
Missouri City,Texas,29.5634,-95.5377,74561
Zephyrhills,Florida,28.2404,-82.1796,74712
Franklin,Tennessee,35.9215,-86.8522,74794
Evanston,Illinois,42.0463,-87.6942,74895
Oshkosh,Wisconsin,44.0242,-88.561,75057
Bethlehem,Pennsylvania,40.6266,-75.3679,75293
Union City,California,37.603,-122.0187,75322
Hilton Head Island,South Carolina,32.1896,-80.7499,75328
Arlington Heights,Illinois,42.0955,-87.9825,75525
Davis,California,38.5552,-121.7365,75553
Wyoming,Michigan,42.8909,-85.7067,75567
Boynton Beach,Florida,26.5282,-80.0812,75569
San Ramon,California,37.7625,-121.9366,75639
Layton,Utah,41.0773,-111.9618,75655
Baytown,Texas,29.7607,-94.9628,75992
Saint Augustine,Florida,29.8979,-81.31,76129
Perris,California,33.7897,-117.2233,76331
Anniston,Alabama,33.6713,-85.8137,76350
Gary,Indiana,41.5906,-87.3472,76424
Baldwin Park,California,34.0829,-117.972,76464
Porterville,California,36.0636,-119.0332,76512
Upland,California,34.1178,-117.6603,76684
Lake Jackson,Texas,29.052,-95.4518,76721
Loveland,Colorado,40.4168,-105.0622,76897
Altoona,Pennsylvania,40.5084,-78.401,76943
Elizabethtown,Kentucky,37.7033,-85.8771,77016
Hammond,Indiana,41.617,-87.4908,77134
Fort Myers,Florida,26.6197,-81.8306,77146
Battle Creek,Michigan,42.2985,-85.2295,77174
Plymouth,Minnesota,45.0225,-93.4617,77216
Goodyear,Arizona,33.2613,-112.3622,77258
Watsonville,California,36.9206,-121.7706,77266
Folsom,California,38.6751,-121.1476,77271
Pharr,Texas,26.1687,-98.1904,77320
Auburn,Washington,47.3039,-122.2108,77472
Milpitas,California,37.4338,-121.8921,77528
Bellflower,California,33.888,-118.1271,77790
Lebanon,Pennsylvania,40.3412,-76.4228,77839
Flagstaff,Arizona,35.1867,-111.6175,78065
Wheeling,West Virginia,40.0753,-80.6951,78088
Anderson,South Carolina,34.521,-82.6477,78138
Florence,Alabama,34.83,-87.6658,78321
Springdale,Arkansas,36.1897,-94.1574,78557
Newark,Ohio,40.0703,-82.4252,78563
Kankakee,Illinois,41.1019,-87.8643,78682
Chino Hills,California,33.9508,-117.7254,78822
Alameda,California,37.767,-122.2673,78906
Kokomo,Indiana,40.464,-86.1277,79048
Cheyenne,Wyoming,41.1418,-104.7943,79217
Parma,Ohio,41.3842,-81.7286,79425
New Rochelle,New York,40.9305,-73.7836,79557
Brooklyn Park,Minnesota,45.1112,-93.3505,79707
Deerfield Beach,Florida,26.305,-80.1278,79764
Valdosta,Georgia,30.8503,-83.2789,79844
Lawrence,Massachusetts,42.7003,-71.1626,80209
Tustin,California,33.7309,-117.8106,80395
Mountain View,California,37.4001,-122.0796,80447
Saint Joseph,Missouri,39.7598,-94.821,80849
Alton,Illinois,38.9033,-90.1523,80871
Texarkana,Texas,33.4487,-94.0814,80888
Cranston,Rhode Island,41.7658,-71.4858,81034
Farmington Hills,Michigan,42.486,-83.3771,81129
Lakewood,California,33.8471,-118.1222,81138
Melbourne,Florida,28.1152,-80.653,81185
Somerville,Massachusetts,42.3908,-71.1013,81322
Westland,Michigan,42.3192,-83.3806,81545
Warwick,Rhode Island,41.7061,-71.4334,81579
Williamsburg,Virginia,37.2691,-76.7075,81840
Hattiesburg,Mississippi,31.3073,-89.3169,81995
Pleasanton,California,37.666,-121.8805,82270
Madera,California,36.964,-120.0803,82278
Conroe,Texas,30.3174,-95.4705,82286
Cicero,Illinois,41.8445,-87.7593,82992
Alexandria,Louisiana,31.2923,-92.47,82995
Largo,Florida,27.9088,-82.7714,83065
Springfield,Ohio,39.9304,-83.7961,83115
Buena Park,California,33.8572,-118.0046,83156
Lake Forest,California,33.6606,-117.6712,83240
Bryan,Texas,30.6661,-96.367,83260
Mission,Texas,26.204,-98.3251,83563
Troy,Michigan,42.5817,-83.1458,83641
Johns Creek,Georgia,34.0333,-84.2027,83873
Mount Pleasant,South Carolina,32.8532,-79.8269,84170
Port Huron,Michigan,42.9823,-82.4387,84361
Redwood City,California,37.5026,-122.2251,84950
Hoover,Alabama,33.3761,-86.8065,84978
Bloomington,Minnesota,44.8306,-93.315,85319
Alhambra,California,34.084,-118.1355,85474
Clifton,New Jersey,40.8631,-74.1575,85845
Joplin,Missouri,37.0766,-94.5016,86144
O'Fallon,Missouri,38.7853,-90.7178,86274
Anderson,Indiana,40.0875,-85.6921,86565
Newport Beach,California,33.6151,-117.8669,86688
Whittier,California,33.9678,-118.0188,86883
State College,Pennsylvania,40.791,-77.8568,87374
Citrus Heights,California,38.6948,-121.288,87432
Edinburg,Texas,26.3183,-98.1622,87650
Dalton,Georgia,34.7688,-84.9711,87688
Kirkland,Washington,47.6996,-122.1982,87701
Napa,California,38.2982,-122.3011,87733
Chino,California,33.9836,-117.6653,87776
Bowling Green,Kentucky,36.9725,-86.4371,87976
Hawthorne,California,33.9147,-118.3476,88031
Sugar Land,Texas,29.5956,-95.6283,88177
Waukegan,Illinois,42.3697,-87.8716,88182
Auburn,Alabama,32.6084,-85.4897,88379
Jackson,Michigan,42.243,-84.4038,88394
Norwalk,Connecticut,41.1144,-73.4215,88438
Menifee,California,33.6909,-117.1849,88531
Rapid City,South Dakota,44.0709,-103.22,88533
Fall River,Massachusetts,41.7136,-71.1014,88930
Missoula,Montana,46.8687,-114.0089,89017
Newton,Massachusetts,42.3317,-71.2085,89045
Muncie,Indiana,40.1989,-85.395,89186
Suffolk,Virginia,36.6953,-76.6398,89273
Lees Summit,Missouri,38.9172,-94.3816,89467
Decatur,Illinois,39.8555,-88.9337,89653
Livermore,California,37.6863,-121.7607,89840
Fishers,Indiana,39.959,-85.968,90127
San Leandro,California,37.7071,-122.1601,90465
Hanford,California,36.326,-119.6539,90515
Carmel,Indiana,39.9658,-86.1461,91065
Edmond,Oklahoma,35.6689,-97.4159,91191
Portsmouth,New Hampshire,43.058,-70.7826,91193
Albany,Georgia,31.5776,-84.1762,91284
Dover,New Hampshire,43.1887,-70.8845,91514
Westminster,California,33.7523,-117.9938,91565
Lafayette,Colorado,39.9946,-105.0996,91767
Miami Beach,Florida,25.8171,-80.1396,91917
Lawton,Oklahoma,34.6171,-98.4204,92299
Santa Monica,California,34.0232,-118.4813,92478
Florence,South Carolina,34.1782,-79.785,92614
Lynn,Massachusetts,42.4778,-70.9662,92697
Plantation,Florida,26.126,-80.2617,92706
Carson,California,33.8374,-118.2559,92797
Terre Haute,Indiana,39.4654,-87.3763,92841
Blacksburg,Virginia,37.23,-80.4277,93560
Quincy,Massachusetts,42.2516,-71.0183,93688
Hesperia,California,34.3974,-117.3144,93724
Sunrise,Florida,26.1547,-80.2998,93734
Livonia,Michigan,42.3972,-83.3733,94041
Prescott Valley,Arizona,34.5983,-112.3178,94154
Tracy,California,37.7254,-121.4447,94277
Slidell,Louisiana,30.2881,-89.7828,94320
Dearborn,Michigan,42.3127,-83.213,94444
Roswell,Georgia,34.0391,-84.3513,94598
Vineland,New Jersey,39.4652,-74.9981,94943
Portsmouth,Virginia,36.8468,-76.354,95252
San Marcos,California,33.135,-117.1743,95261
South Gate,California,33.9448,-118.1926,95538
Mandeville,Louisiana,30.375,-90.0906,95576
Meridian,Idaho,43.6182,-116.398,95623
Brockton,Massachusetts,42.0821,-71.0242,95630
Manteca,California,37.7938,-121.2271,95797
Lawrence,Kansas,38.9603,-95.2643,95800
Rio Rancho,New Mexico,35.2873,-106.6979,96028
Boca Raton,Florida,26.3749,-80.1078,96114
Idaho Falls,Idaho,43.4878,-112.0359,96166
Spokane Valley,Washington,47.6625,-117.2345,96340
Federal Way,Washington,47.3091,-122.3358,96757
Bismarck,North Dakota,46.8127,-100.7694,96857
Orem,Utah,40.2988,-111.699,97499
Compton,California,33.893,-118.2275,97550
Beaverton,Oregon,45.4779,-122.8168,97590
Middletown,Ohio,39.5032,-84.3659,97742
Longmont,Colorado,40.1691,-105.0995,97835
Sparks,Nevada,39.5727,-119.7131,98345
Vacaville,California,38.3592,-121.9686,99059
Allen,Texas,33.1087,-96.6735,99179
Wichita Falls,Texas,33.9072,-98.5293,99596
Bend,Oregon,44.0562,-121.3087,99634
Charlottesville,Virginia,38.0374,-78.4856,99664
Logan,Utah,41.7403,-111.8418,99909
San Angelo,Texas,31.4424,-100.4503,100472
Temple,Texas,31.1077,-97.3899,100641
Longview,Texas,32.5192,-94.7622,100852
Renton,Washington,47.4757,-122.1904,100953
Holland,Michigan,42.7676,-86.0984,101421
Vista,California,33.1895,-117.2386,101659
Jacksonville,North Carolina,34.7323,-77.3962,101865
Davie,Florida,26.0789,-80.287,101871
League City,Texas,29.4873,-95.109,102010
La Crosse,Wisconsin,43.8234,-91.2279,102427
Rialto,California,34.1128,-117.3885,103314
El Cajon,California,32.8017,-116.9604,103768
San Mateo,California,37.5522,-122.3122,103959
Chico,California,39.7568,-121.816,104302
Burbank,California,34.188,-118.3234,104447
Lewisville,Texas,33.0453,-96.9823,104659
Hillsboro,Oregon,45.5289,-122.9373,105164
Sandy Springs,Georgia,33.9366,-84.3703,105703
Turlock,California,37.5053,-120.8588,106100
Norwalk,California,33.9069,-118.0829,106178
Daly City,California,37.6863,-122.4684,106472
Clovis,California,36.8283,-119.6851,106583
Eau Claire,Wisconsin,44.8202,-91.4948,106681
Sioux City,Iowa,42.4959,-96.3901,106740
Salisbury,Maryland,38.3755,-75.5883,107026
Broken Arrow,Oklahoma,36.0367,-95.7808,107403
West Covina,California,34.0555,-117.9112,107847
West Palm Beach,Florida,26.7468,-80.1315,108161
Burlington,Vermont,44.4877,-73.2314,108331
Everett,Washington,47.9524,-122.1672,109043
Pottstown,Pennsylvania,40.2508,-75.6445,109052
North Charleston,South Carolina,32.9086,-80.0705,109298
Pompano Beach,Florida,26.2428,-80.1312,109393
Richmond,California,37.9477,-122.339,109813
Centennial,Colorado,39.5927,-104.8674,109932
Santa Fe,New Mexico,35.6619,-105.9818,110208
Lowell,Massachusetts,42.6389,-71.3217,110558
Cambridge,Massachusetts,42.3758,-71.1184,110651
Inglewood,California,33.9566,-118.3444,110654
Gilroy,California,37.0048,-121.5843,111004
Saint George,Utah,37.0769,-113.5771,111090
Gresham,Oregon,45.5023,-122.4414,111523
El Centro,California,32.7873,-115.5578,111733
Coeur d'Alene,Idaho,47.7041,-116.7928,112088
Elgin,Illinois,42.0385,-88.3227,112123
Waterloo,Iowa,42.492,-92.3522,112635
Costa Mesa,California,33.6667,-117.9135,112822
Temecula,California,33.4928,-117.1315,113054
Miami Gardens,Florida,25.9433,-80.2425,113058
Downey,California,33.9379,-118.1312,113267
Richardson,Texas,32.9717,-96.7092,113347
Pearland,Texas,29.5585,-95.3201,113570
Saint Cloud,Minnesota,45.5339,-94.1718,113649
West Jordan,Utah,40.6024,-112.0008,113699
Texas City,Texas,29.4127,-94.9658,113847
Westminster,Colorado,39.8837,-105.0627,113875
Carlsbad,California,33.1246,-117.2836,113952
Bloomington,Indiana,39.1637,-86.5257,114140
Utica,New York,43.0961,-75.226,114350
Clearwater,Florida,27.9787,-82.7623,114361
Norman,Oklahoma,35.2335,-97.3471,114444
Rochester,Minnesota,44.0152,-92.4776,114976
Abilene,Texas,32.4543,-99.7384,115285
Rock Hill,South Carolina,34.9413,-81.026,115755
El Monte,California,34.0739,-118.0291,115807
Dover,Delaware,39.16,-75.5204,116114
Kingsport,Tennessee,36.522,-82.5452,116745
Iowa City,Iowa,41.6558,-91.5304,116891
Independence,Missouri,39.0871,-94.3503,117030
Arvada,Colorado,39.8321,-105.1508,117453
Monroe,Louisiana,32.5184,-92.0775,117673
Seaside,California,36.6224,-121.8191,118670
Leominster,Massachusetts,42.5209,-71.7717,119538
Saginaw,Michigan,43.4199,-83.95,120088
Yuba City,California,39.1357,-121.6381,120159
Redding,California,40.5698,-122.365,120288
Duluth,Minnesota,46.7797,-92.1334,120418
Round Rock,Texas,30.5253,-97.6659,120892
Berkeley,California,37.8723,-122.276,121240
Billings,Montana,45.7892,-108.5498,121550
South Lyon,Michigan,42.4613,-83.6526,123555
Lynchburg,Virginia,37.4004,-79.1911,123795
Bellingham,Washington,48.7534,-122.4683,123933
Kenosha,Wisconsin,42.5861,-87.8755,124580
Fort Smith,Arkansas,35.3494,-94.3695,125699
Santa Clara,California,37.3646,-121.9679,125948
Burlington,North Carolina,36.0761,-79.4692,126491
Johnson City,Tennessee,36.3404,-82.3803,127134
Boulder,Colorado,40.0274,-105.2514,127190
Simi Valley,California,34.2663,-118.749,127308
Greenville,North Carolina,35.5958,-77.3764,127464
Kent,Washington,47.3887,-122.2128,127514
Elizabeth,New Jersey,40.6655,-74.1918,128640
Stamford,Connecticut,41.1035,-73.5583,129113
Coral Springs,Florida,26.2702,-80.2593,130059
Racine,Wisconsin,42.7274,-87.8135,131517
Greeley,Colorado,40.415,-104.7697,131900
Sterling Heights,Michigan,42.581,-83.0304,132427
Roseville,California,38.7683,-121.3164,132671
Surprise,Arizona,33.6802,-112.4525,132677
Mauldin,South Carolina,34.7864,-82.2997,132708
Carrollton,Texas,32.9885,-96.9001,133351
Yakima,Washington,46.5926,-120.5492,133687
Las Cruces,New Mexico,32.3265,-106.7893,134050
Bloomington,Illinois,40.4756,-88.9698,135015
Warren,Michigan,42.4934,-83.027,135125
Grand Junction,Colorado,39.0881,-108.5675,135389
Hampton,Virginia,37.0551,-76.3629,135410
Olathe,Kansas,38.884,-94.8194,135473
West Valley City,Utah,40.6889,-112.0115,136574
Thornton,Colorado,39.9202,-104.9445,136703
Harlingen,Texas,26.1914,-97.6977,137119
Athens,Georgia,33.9508,-83.3689,137582
Yuma,Arizona,32.599,-114.5489,137936
Miramar,Florida,25.9773,-80.3357,138449
Columbia,Missouri,38.9475,-92.3263,138675
Santa Maria,California,34.9334,-120.4433,139270
Orange,California,33.8038,-117.8219,140504
Fullerton,California,33.8841,-117.9279,140721
Tyler,Texas,32.3184,-95.3065,140857
Pueblo,Colorado,38.2701,-104.613,141280
Bellevue,Washington,47.5953,-122.155,141400
Pasadena,California,34.1598,-118.1389,142059
Midland,Texas,32.0278,-102.1107,142680
Merced,California,37.3057,-120.4779,143272
Mesquite,Texas,32.7621,-96.5888,143736
Fairfield,California,38.2593,-122.0319,145665
Houma,Louisiana,29.5799,-90.7058,146174
Leesburg,Florida,28.7674,-81.8983,146398
Charleston,West Virginia,38.3484,-81.6323,146462
Paterson,New Jersey,40.9147,-74.1624,147000
Naperville,Illinois,41.7483,-88.1656,147122
Elkhart,Indiana,41.6919,-85.962,147181
Torrance,California,33.8346,-118.3417,147195
Panama City,Florida,30.1985,-85.6153,147788
Beaumont,Texas,30.0849,-94.1451,147935
Joliet,Illinois,41.5201,-88.1503,148262
Warner Robins,Georgia,32.5981,-83.6528,148686
Odessa,Texas,31.8831,-102.3407,149088
Topeka,Kansas,39.0347,-95.6955,149220
New Bedford,Massachusetts,41.6697,-70.9428,149390
Escondido,California,33.1349,-117.0721,151613
Kansas City,Kansas,39.1234,-94.7443,151709
Hollywood,Florida,26.0293,-80.1679,151998
Frederick,Maryland,39.4334,-77.4154,152047
Binghamton,New York,42.1014,-75.9092,152392
Pomona,California,34.0585,-117.7625,152494
Sunnyvale,California,37.3846,-122.0261,152771
Tuscaloosa,Alabama,33.2349,-87.5268,153060
Lake Charles,Louisiana,30.203,-93.215,153097
Pasadena,Texas,29.6583,-95.1498,153351
Lakewood,Colorado,39.6977,-105.117,154393
Gainesville,Georgia,34.2903,-83.8299,154859
Champaign,Illinois,40.1148,-88.2731,155368
Alexandria,Virginia,38.8184,-77.0861,155810
Palmdale,California,34.5945,-118.1058,157356
Port Arthur,Texas,29.8554,-93.9264,157732
Lafayette,Indiana,40.399,-86.8592,157955
Hayward,California,37.6327,-122.0776,158937
Manchester,New Hampshire,42.9844,-71.4445,159744
Springfield,Illinois,39.7713,-89.6538,160570
Muskegon,Michigan,43.228,-86.256,161058
Murfreesboro,Tennessee,35.851,-86.4093,161634
Cary,North Carolina,35.7815,-78.8162,162320
Marysville,Washington,48.0812,-122.1559,163547
Frisco,Texas,33.1551,-96.8219,163656
Peoria,Arizona,33.7844,-112.2989,164173
Fredericksburg,Virginia,38.2992,-77.4871,164610
Ocala,Florida,29.1803,-82.1487,165111
Corona,California,33.8623,-117.5642,166785
Medford,Oregon,42.3372,-122.8537,167922
Pembroke Pines,Florida,26.0127,-80.3384,168587
Elk Grove,California,38.416,-121.3841,169743
Nampa,Idaho,43.5833,-116.5641,169761
Vallejo,California,38.1134,-122.2359,172697
Ontario,California,34.0393,-117.6064,173212
Vancouver,Washington,45.6352,-122.5972,174826
Garden Grove,California,33.7787,-117.9601,174858
Hemet,California,33.7352,-116.9946,175066
Oceanside,California,33.2247,-117.3083,175464
Santa Cruz,California,36.9788,-122.0346,176037
Rancho Cucamonga,California,34.1246,-117.5662,176534
Danbury,Connecticut,41.4016,-73.471,176649
High Point,North Carolina,35.9899,-79.9937,177412
Sioux Falls,South Dakota,43.5382,-96.7315,177629
Gastonia,North Carolina,35.2495,-81.1856,178477
Fort Lauderdale,Florida,26.1412,-80.1464,178752
Clarksville,Tennessee,36.5696,-87.3428,179367
Lorain,Ohio,41.4409,-82.184,179926
Newport News,Virginia,37.1052,-76.5185,181825
Tempe,Arizona,33.3881,-111.9318,182498
Cedar Rapids,Iowa,41.9667,-91.6781,184610
Spartanburg,South Carolina,34.9437,-81.9256,185031
Waco,Texas,31.5597,-97.1882,185680
Hagerstown,Maryland,39.6401,-77.7217,186377
Overland Park,Kansas,38.8871,-94.6871,188966
North Port,Florida,27.0577,-82.1976,190003
Erie,Pennsylvania,42.1167,-80.0731,190443
Grand Prairie,Texas,32.6869,-97.0209,190682
Waterbury,Connecticut,41.5583,-73.0361,190855
Deltona,Florida,28.9051,-81.2134,192730
Salinas,California,36.6881,-121.6316,193126
Olympia,Washington,47.0417,-122.8958,194532
Huntington,West Virginia,38.4109,-82.4344,198419
Gainesville,Florida,29.6814,-82.3454,198702
Huntington Beach,California,33.696,-118.0023,200652
Yonkers,New York,40.9466,-73.8674,200807
Glendale,California,34.1818,-118.2468,200831
Aurora,Illinois,41.7638,-88.2901,201110
Fargo,North Dakota,46.8654,-96.829,202146
Santa Barbara,California,34.4285,-119.7202,203655
Norwich,Connecticut,41.5495,-72.0882,204360
College Station,Texas,30.5857,-96.296,204710
Moreno Valley,California,33.9244,-117.2045,205499
Amarillo,Texas,35.1999,-101.8297,205821
Portland,Maine,43.6772,-70.2713,206193
Green Bay,Wisconsin,44.5151,-87.9895,208670
Fontana,California,34.0967,-117.4599,209665
Tacoma,Washington,47.2431,-122.4531,211277
Avondale,Arizona,33.3858,-112.3236,214235
Bremerton,Washington,47.5436,-122.7121,214549
Kalamazoo,Michigan,42.2749,-85.5882,214583
Hickory,North Carolina,35.7425,-81.323,215120
Roanoke,Virginia,37.2784,-79.9581,215793
San Bernardino,California,34.1412,-117.2936,216239
Thousand Oaks,California,34.1914,-118.8755,218548
Appleton,Wisconsin,44.2775,-88.3896,221379
Gulfport,Mississippi,30.4271,-89.0703,222131
McKinney,Texas,33.1989,-96.6678,223422
Brownsville,Texas,25.9981,-97.4566,228534
Kennewick,Washington,46.1979,-119.1732,229624
Nashua,New Hampshire,42.7492,-71.491,230061
Visalia,California,36.3271,-119.3265,231159
Winter Haven,Florida,28.0126,-81.7021,231412
York,Pennsylvania,39.9651,-76.7315,232796
Fremont,California,37.5256,-121.987,233136
Evansville,Indiana,37.9882,-87.5339,233353
Garland,Texas,32.91,-96.6305,234943
Hialeah,Florida,25.8696,-80.3045,236387
Gilbert,Arizona,33.3103,-111.7463,237133
Chesapeake,Virginia,36.6778,-76.3024,237940
Irving,Texas,32.8584,-96.9702,238289
North Las Vegas,Nevada,36.288,-115.0901,238702
Wilmington,North Carolina,34.21,-77.886,242770
Atlantic City,New Jersey,39.3795,-74.4524,243285
Killeen,Texas,31.0758,-97.7286,243947
Concord,North Carolina,35.3939,-80.6358,244273
Norfolk,Virginia,36.8945,-76.259,245115
Glendale,Arizona,33.5797,-112.2246,245895
Scottsdale,Arizona,33.6872,-111.865,246645
Chandler,Arizona,33.2828,-111.8517,247477
Tallahassee,Florida,30.4549,-84.2527,252825
Myrtle Beach,South Carolina,33.7095,-78.8844,256079
Salem,Oregon,44.9231,-123.0245,256175
Montgomery,Alabama,32.347,-86.2663,256554
Anchorage,Alaska,61.1508,-149.1091,256724
Laredo,Texas,27.5536,-99.489,256752
Saint Petersburg,Florida,27.7931,-82.6652,260999
Lubbock,Texas,33.5665,-101.8867,261076
Columbus,Georgia,32.51,-84.8771,263737
Eugene,Oregon,44.0562,-123.1172,263860
Jersey City,New Jersey,40.7161,-74.0683,264152
Reading,Pennsylvania,40.34,-75.9266,264736
Peoria,Illinois,40.7518,-89.6153,265218
Irvine,California,33.6772,-117.7738,266122
Santa Clarita,California,34.4119,-118.5036,266958
Chula Vista,California,32.6281,-117.0144,267172
Lafayette,Louisiana,30.2097,-92.0314,267376
Canton,Ohio,40.8082,-81.3678,272768
South Bend,Indiana,41.6771,-86.269,279698
Savannah,Georgia,32.0282,-81.1784,280692
Lincoln,Nebraska,40.8102,-96.6808,280741
Newark,New Jersey,40.7242,-74.1724,281764
Plano,Texas,33.0502,-96.7487,286057
Round Lake Beach,Illinois,42.379,-88.0811,286350
Rockford,Illinois,42.2594,-89.0646,286727
Lakeland,Florida,28.0556,-81.9542,286876
Springfield,Missouri,37.1943,-93.2916,287124
Davenport,Iowa,41.5558,-90.6052,288233
Shreveport,Louisiana,32.4659,-93.7959,291749
Henderson,Nevada,36.0145,-115.0362,292969
Trenton,New Jersey,40.2237,-74.764,293697
Asheville,North Carolina,35.5703,-82.5536,299892
Antioch,California,37.9789,-121.7958,300780
Fort Collins,Colorado,40.5487,-105.0656,301581
Saint Paul,Minnesota,44.9477,-93.104,302398
Huntsville,Alabama,34.699,-86.6412,307319
Lexington,Kentucky,38.0423,-84.4587,312495
Fayetteville,North Carolina,35.0847,-78.9777,316764
Lansing,Michigan,42.7142,-84.5598,318278
Santa Rosa,California,38.4465,-122.7059,321699
Mobile,Alabama,30.6782,-88.1161,322496
Ann Arbor,Michigan,42.2757,-83.7312,324421
Fort Wayne,Indiana,41.0885,-85.1436,326814
Greensboro,North Carolina,36.096,-79.8275,331894
Santa Ana,California,33.7366,-117.8819,334217
Fayetteville,Arkansas,36.0713,-94.166,336152
Flint,Michigan,43.0235,-83.6921,338616
Corpus Christi,Texas,27.7173,-97.3822,341570
Jackson,Mississippi,32.3163,-90.2124,342607
Victorville,California,34.5277,-117.3537,346449
Lancaster,California,34.6934,-118.1753,348760
Anaheim,California,33.839,-117.8572,351043
Pensacola,Florida,30.4427,-87.1886,352187
Aurora,Colorado,39.7085,-104.7274,361710
Kissimmee,Florida,28.3042,-81.4164,365099
Youngstown,Ohio,41.0994,-80.6463,372039
Modesto,California,37.6371,-121.003,377755
Boise,Idaho,43.5991,-116.2306,379410
Bonita Springs,Florida,26.3557,-81.7859,382869
Oxnard,California,34.1961,-119.1821,385837
Scranton,Pennsylvania,41.4043,-75.6649,387448
Augusta,Georgia,33.3644,-82.0708,389215
Stockton,California,37.9766,-121.3111,390117
Poughkeepsie,New York,41.6949,-73.921,391552
Arlington,Texas,32.6998,-97.1251,392772
Palm Coast,Florida,29.5403,-81.2468,395224
Durham,North Carolina,35.9801,-78.9045,400379
Spokane,Washington,47.6671,-117.433,400936
Lancaster,Pennsylvania,40.0421,-76.3012,401205
Indio,California,33.7346,-116.2347,402166
Chattanooga,Tennessee,35.0657,-85.2488,403618
Syracuse,New York,43.0409,-76.1438,407208
Winston-Salem,North Carolina,36.1029,-80.261,412490
Oakland,California,37.7903,-122.2165,420005
Port Saint Lucie,Florida,27.2795,-80.3882,422966
Reno,Nevada,39.5487,-119.8486,427007
Denton,Texas,33.2165,-97.1411,432200
Madison,Wisconsin,43.0809,-89.3921,434967
Harrisburg,Pennsylvania,40.2752,-76.8843,438995
Little Rock,Arkansas,34.7255,-92.3584,442554
Greenville,South Carolina,34.8364,-82.3649,462640
Long Beach,California,33.8059,-118.161,470130
Staten Island,New York,40.5834,-74.1496,476015
Murrieta,California,33.572,-117.1909,476630
Des Moines,Iowa,41.5725,-93.6104,476689
Wichita,Kansas,37.6894,-97.344,482205
Palm Bay,Florida,27.9861,-80.6628,483098
Mesa,Arizona,33.4016,-111.718,484587
Toledo,Ohio,41.6639,-83.582,492237
Worcester,Massachusetts,42.2705,-71.8079,495856
Provo,Utah,40.2458,-111.6457,501690
New Haven,Connecticut,41.3112,-72.9245,563460
Akron,Ohio,41.0802,-81.5219,565311
Bakersfield,California,35.3528,-119.0354,567585
Columbia,South Carolina,34.0366,-80.9043,571249
Ogden,Utah,41.2281,-111.9677,571457
Knoxville,Tennessee,35.969,-83.9498,581787
Baton Rouge,Louisiana,30.4422,-91.1314,589675
Grand Rapids,Michigan,42.9615,-85.6557,595467
Albany,New York,42.6664,-73.7987,596419
Mission Viejo,California,33.6095,-117.655,602851
Charleston,South Carolina,32.8137,-79.9643,613847
Cape Coral,Florida,26.644,-81.9961,617896
Colorado Springs,Colorado,38.8673,-104.7605,624789
Springfield,Massachusetts,42.1155,-72.5395,625300
Concord,California,37.9722,-122.0016,649437
Tulsa,Oklahoma,36.1284,-95.9037,674211
Allentown,Pennsylvania,40.5962,-75.4756,678169
Fresno,California,36.7834,-119.7933,690895
Sarasota,Florida,27.3391,-82.5439,701487
Rochester,New York,43.1681,-77.6162,714852
Dayton,Ohio,39.7798,-84.1999,718772
Birmingham,Alabama,33.5276,-86.7986,749299
Albuquerque,New Mexico,35.1055,-106.6476,759517
Omaha,Nebraska,41.2634,-96.0453,792463
McAllen,Texas,26.2203,-98.2457,798187
Honolulu,Hawaii,21.3293,-157.846,836995
El Paso,Texas,31.8478,-106.431,845059
Fort Worth,Texas,32.7813,-97.3466,854113
Tucson,Arizona,32.1558,-110.8777,860333
Hartford,Connecticut,41.7661,-72.6834,913587
Buffalo,New York,42.9016,-78.8487,920136
Bridgeport,Connecticut,41.1909,-73.1958,934289
Oklahoma City,Oklahoma,35.4677,-97.5138,948154
Louisville,Kentucky,38.1662,-85.6488,1003412
Raleigh,North Carolina,35.8323,-78.6441,1005457
New Orleans,Louisiana,30.0687,-89.9288,1024421
Richmond,Virginia,37.5294,-77.4755,1041877
Salt Lake City,Utah,40.7774,-111.9301,1061156
Nashville,Tennessee,36.1714,-86.7844,1065078
Memphis,Tennessee,35.1047,-89.9773,1069661
Jacksonville,Florida,30.3322,-81.6749,1141459
Providence,Rhode Island,41.8229,-71.4186,1198789
Milwaukee,Wisconsin,43.064,-87.9669,1377104
Charlotte,North Carolina,35.208,-80.8308,1438351
Bronx,New York,40.8501,-73.8662,1455720
Virginia Beach,Virginia,36.7335,-76.0435,1487505
Columbus,Ohio,39.9859,-82.9852,1495146
Indianapolis,Indiana,39.7771,-86.1458,1550488
Kansas City,Missouri,39.1239,-94.5541,1590762
Austin,Texas,30.3038,-97.7545,1633847
Cincinnati,Ohio,39.1412,-84.506,1634573
Manhattan,New York,40.7834,-73.9662,1643734
Pittsburgh,Pennsylvania,40.4396,-79.9763,1722206
Cleveland,Ohio,41.4766,-81.6805,1731637
Orlando,Florida,28.4801,-81.3448,1757288
San Jose,California,37.302,-121.8488,1804359
Sacramento,California,38.5666,-121.4683,1830061
San Antonio,Texas,29.4722,-98.5247,1976787
Portland,Oregon,45.5372,-122.65,2027629
Las Vegas,Nevada,36.2288,-115.2603,2044731
Riverside,California,33.9382,-117.3949,2065627
Saint Louis,Missouri,38.6358,-90.2451,2096990
Baltimore,Maryland,39.3051,-76.6144,2181206
Queens,New York,40.7498,-73.7976,2333054
Brooklyn,New York,40.6501,-73.9496,2629150
Denver,Colorado,39.7621,-104.8759,2741534
Tampa,Florida,27.9937,-82.4454,2744107
Minneapolis,Minnesota,44.9635,-93.2679,2866604
San Diego,California,32.8312,-117.1225,3181172
Detroit,Michigan,42.3834,-83.1024,3520589
Seattle,Washington,47.6217,-122.3238,3541236
San Francisco,California,37.7561,-122.4429,3548847
Phoenix,Arizona,33.5722,-112.0891,4054083
Boston,Massachusetts,42.3189,-71.0838,4556916
Atlanta,Georgia,33.7627,-84.4231,5080712
Washington,District of Columbia,38.9047,-77.0163,5191844
Houston,Texas,29.7871,-95.3936,5424720
Philadelphia,Pennsylvania,40.0076,-75.134,5591554
Dallas,Texas,32.7938,-96.7659,5634307
Miami,Florida,25.784,-80.2102,6247425
Chicago,Illinois,41.8373,-87.6861,8639278
Los Angeles,California,34.114,-118.4068,12740381
New York,New York,40.6943,-73.9249,19164071
